dataset_classifiers1
   k-NN  RBF SVC  Perceptron  Logistic MLP 2 hidden_layer of 2 Neurons  \
0   1.0      1.0        1.00                                       1.0   
1   1.0      1.0        1.00                                       1.0   
2   1.0      1.0        1.00                                       1.0   
3   1.0      1.0        1.00                                       1.0   
4   1.0      1.0        1.00                                       1.0   
5   1.0      1.0        1.00                                       1.0   
6   1.0      1.0        1.00                                       1.0   
7   1.0      1.0        1.00                                       1.0   
8   1.0      1.0        1.00                                       1.0   
9   1.0      1.0        0.98                                       1.0   

   Logistic MLP 1 hidden_layer of 4 Neurons  
0                                       1.0  
1                                       1.0  
2                                       1.0  
3                                       1.0  
4                                       1.0  
5                                       1.0  
6                                       1.0  
7                                       1.0  
8                                       1.0  
9                                       1.0  
dataset_classifiers2
   k-NN  RBF SVC  Perceptron  Logistic MLP 2 hidden_layer of 2 Neurons  \
0   1.0      1.0    0.457143                                  0.485714   
1   1.0      1.0    0.428571                                  0.685714   
2   1.0      1.0    0.428571                                  0.628571   
3   1.0      1.0    0.485714                                  0.485714   
4   1.0      1.0    0.628571                                  0.742857   
5   1.0      1.0    0.571429                                  0.771429   
6   1.0      1.0    0.257143                                  0.542857   
7   1.0      1.0    0.600000                                  0.657143   
8   1.0      1.0    0.485714                                  0.628571   
9   1.0      1.0    0.485714                                  0.714286   

   Logistic MLP 1 hidden_layer of 4 Neurons  
0                                  0.657143  
1                                  1.000000  
2                                  0.771429  
3                                  0.800000  
4                                  0.971429  
5                                  0.742857  
6                                  0.971429  
7                                  0.771429  
8                                  0.828571  
9                                  0.742857  
dataset_classifiers3
    k-NN  RBF SVC  Perceptron  Logistic MLP 2 hidden_layer of 2 Neurons  \
0  0.974    0.958       0.882                                     0.894   
1  0.970    0.962       0.797                                     0.869   
2  0.965    0.956       0.841                                     0.874   
3  0.971    0.953       0.845                                     0.882   
4  0.959    0.956       0.817                                     0.880   
5  0.967    0.961       0.818                                     0.860   
6  0.972    0.954       0.847                                     0.870   
7  0.959    0.958       0.845                                     0.877   
8  0.964    0.955       0.803                                     0.878   
9  0.961    0.949       0.842                                     0.875   

   Logistic MLP 1 hidden_layer of 4 Neurons  
0                                     0.970  
1                                     0.971  
2                                     0.970  
3                                     0.972  
4                                     0.971  
5                                     0.971  
6                                     0.973  
7                                     0.963  
8                                     0.965  
9                                     0.969  
AND
   k-NN  RBF SVC  Perceptron  Logistic MLP 2 hidden_layer of 2 Neurons  \
0   1.0      1.0         1.0                                       1.0   
1   1.0      1.0         1.0                                       1.0   
2   1.0      1.0         1.0                                       1.0   
3   1.0      1.0         1.0                                       1.0   
4   1.0      1.0         1.0                                       0.8   
5   1.0      1.0         1.0                                       1.0   
6   1.0      1.0         1.0                                       1.0   
7   1.0      1.0         1.0                                       1.0   
8   1.0      1.0         1.0                                       1.0   
9   1.0      1.0         1.0                                       1.0   

   Logistic MLP 1 hidden_layer of 4 Neurons  
0                                       1.0  
1                                       1.0  
2                                       1.0  
3                                       1.0  
4                                       1.0  
5                                       1.0  
6                                       1.0  
7                                       1.0  
8                                       1.0  
9                                       1.0  
XOR
   k-NN  RBF SVC  Perceptron  Logistic MLP 2 hidden_layer of 2 Neurons  \
0   1.0      1.0         0.5                                       0.6   
1   1.0      1.0         0.5                                       1.0   
2   1.0      1.0         1.0                                       1.0   
3   1.0      1.0         0.5                                       1.0   
4   1.0      1.0         0.3                                       0.8   
5   1.0      1.0         0.5                                       0.9   
6   1.0      1.0         0.5                                       1.0   
7   1.0      1.0         0.3                                       1.0   
8   1.0      1.0         0.6                                       1.0   
9   1.0      1.0         0.8                                       0.7   

   Logistic MLP 1 hidden_layer of 4 Neurons  
0                                       1.0  
1                                       1.0  
2                                       1.0  
3                                       1.0  
4                                       0.7  
5                                       1.0  
6                                       1.0  
7                                       1.0  
8                                       1.0  
9                                       0.8