0.10000
0.10049
0.10098
0.10147
0.10196
0.10245
0.10294
0.10343
0.10392
0.10441
0.10490
0.10539
0.10588
0.10637
0.10686
0.10735
0.10784
0.10833
0.10882
0.10931
0.10980
0.11029
0.11078
0.11127
0.11176
0.11225
0.11274
0.11323
0.11372
0.11421
0.11470
0.11519
0.11568
0.11617
0.11666
0.11715
0.11764
0.11813
0.11862
0.11911
0.11960
0.12009
0.12058
0.12107
0.12156
0.12205
0.12254
0.12303
0.12352
0.12401
0.12450
0.12499
0.12548
0.12597
0.12646
0.12695
0.12744
0.12793
0.12842
0.12891
0.12940
0.12989
0.13038
0.13087
0.13136
0.13185
0.13234
0.13283
0.13332
0.13381
0.13430
0.13479
0.13528
0.13577
0.13626
0.13675
0.13724
0.13773
0.13822
0.13871
0.13920
0.13969
0.14018
0.14067
0.14116
0.14165
0.14214
0.14263
0.14312
0.14361
0.14410
0.14459
0.14508
0.14557
0.14606
0.14655
0.14704
0.14753
0.14802
0.14851
0.14900
0.14949
0.14998
0.15047
0.15096
0.15145
0.15194
0.15243
0.15292
0.15341
0.15390
0.15439
0.15488
0.15537
0.15586
0.15635
0.15684
0.15733
0.15782
0.15831
0.15880
0.15929
0.15978
0.16027
0.16076
0.16125
0.16174
0.16223
0.16272
0.16321
0.16370
0.16419
0.16468
0.16517
0.16566
0.16615
0.16664
0.16713
0.16762
0.16811
0.16860
0.16909
0.16958
0.17007
0.17056
0.17105
0.17154
0.17203
0.17252
0.17301
0.17350
0.17399
0.17448
0.17497
0.17546
0.17595
0.17644
0.17693
0.17742
0.17791
0.17840
0.17889
0.17938
0.17987
0.18036
0.18085
0.18134
0.18183
0.18232
0.18281
0.18330
0.18379
0.18428
0.18477
0.18526
0.18575
0.18624
0.18673
0.18722
0.18771
0.18820
0.18869
0.18918
0.18967
0.19016
0.19065
0.19114
0.19163
0.19212
0.19261
0.19310
0.19359
0.19408
0.19457
0.19506
0.19555
0.19604
0.19653
0.19702
0.19751
0.19800
0.19849
0.19898
0.19947
0.19996
0.20045
0.20094
0.20143
0.20192
0.20241
0.20290
0.20339
0.20388
0.20437
0.20486
0.20535
0.20584
0.20633
0.20682
0.20731
0.20780
0.20829
0.20878
0.20927
0.20976
0.21025
0.21074
0.21123
0.21172
0.21221
0.21270
0.21319
0.21368
0.21417
0.21466
0.21515
0.21564
0.21613
0.21662
0.21711
0.21760
0.21809
0.21858
0.21907
0.21956
0.22005
0.22054
0.22103
0.22152
0.22201
0.22250
0.22299
0.22348
0.22397
0.22446
0.22495
0.22544
0.22593
0.22642
0.22691
0.22740
0.22789
0.22838
0.22887
0.22936
0.22985
0.23034
0.23083
0.23132
0.23181
0.23230
0.23279
0.23328
0.23377
0.23426
0.23475
0.23524
0.23573
0.23622
0.23671
0.23720
0.23769
0.23818
0.23867
0.23916
0.23965
0.24014
0.24063
0.24112
0.24161
0.24210
0.24259
0.24308
0.24357
0.24406
0.24455
0.24504
0.24553
0.24602
0.24651
0.24700
0.24749
0.24798
0.24847
0.24896
0.24945
0.24994
0.25043
0.25092
0.25141
0.25190
0.25239
0.25288
0.25337
0.25386
0.25435
0.25484
0.25533
0.25582
0.25631
0.25680
0.25729
0.25778
0.25827
0.25876
0.25925
0.25974
0.26023
0.26072
0.26121
0.26170
0.26219
0.26268
0.26317
0.26366
0.26415
0.26464
0.26513
0.26562
0.26611
0.26660
0.26709
0.26758
0.26807
0.26856
0.26905
0.26954
0.27003
0.27052
0.27101
0.27150
0.27199
0.27248
0.27297
0.27346
0.27395
0.27444
0.27493
0.27542
0.27591
0.27640
0.27689
0.27738
0.27787
0.27836
0.27885
0.27934
0.27983
0.28032
0.28081
0.28130
0.28179
0.28228
0.28277
0.28326
0.28375
0.28424
0.28473
0.28522
0.28571
0.28620
0.28669
0.28718
0.28767
0.28816
0.28865
0.28914
0.28963
0.29012
0.29061
0.29110
0.29159
0.29208
0.29257
0.29306
0.29355
0.29404
0.29453
0.29502
0.29551
0.29600
0.29649
0.29698
0.29747
0.29796
0.29845
0.29894
0.29943
0.29992
0.30041
0.30090
0.30139
0.30188
0.30237
0.30286
0.30335
0.30384
0.30433
0.30482
0.30531
0.30580
0.30629
0.30678
0.30727
0.30776
0.30825
0.30874
0.30923
0.30972
0.31021
0.31070
0.31119
0.31168
0.31217
0.31266
0.31315
0.31364
0.31413
0.31462
0.31511
0.31560
0.31609
0.31658
0.31707
0.31756
0.31805
0.31854
0.31903
0.31952
0.32001
0.32050
0.32099
0.32148
0.32197
0.32246
0.32295
0.32344
0.32393
0.32442
0.32491
0.32540
0.32589
0.32638
0.32687
0.32736
0.32785
0.32834
0.32883
0.32932
0.32981
0.33030
0.33079
0.33128
0.33177
0.33226
0.33275
0.33324
0.33373
0.33422
0.33471
0.33520
0.33569
0.33618
0.33667
0.33716
0.33765
0.33814
0.33863
0.33912
0.33961
0.34010
0.34059
0.34108
0.34157
0.34206
0.34255
0.34304
0.34353
0.34402
0.34451
0.34500
0.34549
0.34598
0.34647
0.34696
0.34745
0.34794
0.34843
0.34892
0.34941
0.34990
0.35039
0.35088
0.35137
0.35186
0.35235
0.35284
0.35333
0.35382
0.35431
0.35480
0.35529
0.35578
0.35627
0.35676
0.35725
0.35774
0.35823
0.35872
0.35921
0.35970
0.36019
0.36068
0.36117
0.36166
0.36215
0.36264
0.36313
0.36362
0.36411
0.36460
0.36509
0.36558
0.36607
0.36656
0.36705
0.36754
0.36803
0.36852
0.36901
0.36950
0.36999
0.37048
0.37097
0.37146
0.37195
0.37244
0.37293
0.37342
0.37391
0.37440
0.37489
0.37538
0.37587
0.37636
0.37685
0.37734
0.37783
0.37832
0.37881
0.37930
0.37979
0.38028
0.38077
0.38126
0.38175
0.38224
0.38273
0.38322
0.38371
0.38420
0.38469
0.38518
0.38567
0.38616
0.38665
0.38714
0.38763
0.38812
0.38861
0.38910
0.38959
0.39008
0.39057
0.39106
0.39155
0.39204
0.39253
0.39302
0.39351
0.39400
0.39449
0.39498
0.39547
0.39596
0.39645
0.39694
0.39743
0.39792
0.39841
0.39890
0.39939
0.39988
0.40037
0.40086
0.40135
0.40184
0.40233
0.40282
0.40331
0.40380
0.40429
0.40478
0.40527
0.40576
0.40625
0.40674
0.40723
0.40772
0.40821
0.40870
0.40919
0.40968
0.41017
0.41066
0.41115
0.41164
0.41213
0.41262
0.41311
0.41360
0.41409
0.41458
0.41507
0.41556
0.41605
0.41654
0.41703
0.41752
0.41801
0.41850
0.41899
0.41948
0.41997
0.42046
0.42095
0.42144
0.42193
0.42242
0.42291
0.42340
0.42389
0.42438
0.42487
0.42536
0.42585
0.42634
0.42683
0.42732
0.42781
0.42830
0.42879
0.42928
0.42977
0.43026
0.43075
0.43124
0.43173
0.43222
0.43271
0.43320
0.43369
0.43418
0.43467
0.43516
0.43565
0.43614
0.43663
0.43712
0.43761
0.43810
0.43859
0.43908
0.43957
0.44006
0.44055
0.44104
0.44153
0.44202
0.44251
0.44300
0.44349
0.44398
0.44447
0.44496
0.44545
0.44594
0.44643
0.44692
0.44741
0.44790
0.44839
0.44888
0.44937
0.44986
0.45035
0.45084
0.45133
0.45182
0.45231
0.45280
0.45329
0.45378
0.45427
0.45476
0.45525
0.45574
0.45623
0.45672
0.45721
0.45770
0.45819
0.45868
0.45917
0.45966
0.46015
0.46064
0.46113
0.46162
0.46211
0.46260
0.46309
0.46358
0.46407
0.46456
0.46505
0.46554
0.46603
0.46652
0.46701
0.46750
0.46799
0.46848
0.46897
0.46946
0.46995
0.47044
0.47093
0.47142
0.47191
0.47240
0.47289
0.47338
0.47387
0.47436
0.47485
0.47534
0.47583
0.47632
0.47681
0.47730
0.47779
0.47828
0.47877
0.47926
0.47975
0.48024
0.48073
0.48122
0.48171
0.48220
0.48269
0.48318
0.48367
0.48416
0.48465
0.48514
0.48563
0.48612
0.48661
0.48710
0.48759
0.48808
0.48857
0.48906
0.48955
0.49004
0.49053
0.49102
0.49151
0.49200
0.49249
0.49298
0.49347
0.49396
0.49445
0.49494
0.49543
0.49592
0.49641
0.49690
0.49739
0.49788
0.49837
0.49886
0.49935
0.49984
0.50033
0.50082
0.50131
0.50180
0.50229
0.50278
0.50327
0.50376
0.50425
0.50474
0.50523
0.50572
0.50621
0.50670
0.50719
0.50768
0.50817
0.50866
0.50915
0.50964
0.51013
0.51062
0.51111
0.51160
0.51209
0.51258
0.51307
0.51356
0.51405
0.51454
0.51503
0.51552
0.51601
0.51650
0.51699
0.51748
0.51797
0.51846
0.51895
0.51944
0.51993
0.52042
0.52091
0.52140
0.52189
0.52238
0.52287
0.52336
0.52385
0.52434
0.52483
0.52532
0.52581
0.52630
0.52679
0.52728
0.52777
0.52826
0.52875
0.52924
0.52973
0.53022
0.53071
0.53120
0.53169
0.53218
0.53267
0.53316
0.53365
0.53414
0.53463
0.53512
0.53561
0.53610
0.53659
0.53708
0.53757
0.53806
0.53855
0.53904
0.53953
0.54002
0.54051
0.54100
0.54149
0.54198
0.54247
0.54296
0.54345
0.54394
0.54443
0.54492
0.54541
0.54590
0.54639
0.54688
0.54737
0.54786
0.54835
0.54884
0.54933
0.54982
0.55031
0.55080
0.55129
0.55178
0.55227
0.55276
0.55325
0.55374
0.55423
0.55472
0.55521
0.55570
0.55619
0.55668
0.55717
0.55766
0.55815
0.55864
0.55913
0.55962
0.56011
0.56060
0.56109
0.56158
0.56207
0.56256
0.56305
0.56354
0.56403
0.56452
0.56501
0.56550
0.56599
0.56648
0.56697
0.56746
0.56795
0.56844
0.56893
0.56942
0.56991
0.57040
0.57089
0.57138
0.57187
0.57236
0.57285
0.57334
0.57383
0.57432
0.57481
0.57530
0.57579
0.57628
0.57677
0.57726
0.57775
0.57824
0.57873
0.57922
0.57971
0.58020
0.58069
0.58118
0.58167
0.58216
0.58265
0.58314
0.58363
0.58412
0.58461
0.58510
0.58559
0.58608
0.58657
0.58706
0.58755
0.58804
0.58853
0.58902
0.58951
0.59000
0.59049
0.59098
0.59147
0.59196
0.59245
0.59294
0.59343
0.59392
0.59441
0.59490
0.59539
0.59588
0.59637
0.59686
0.59735
0.59784
0.59833
0.59882
0.59931
0.59980
0.60029
0.60078
0.60127
0.60176
0.60225
0.60274
0.60323
0.60372
0.60421
0.60470
0.60519
0.60568
0.60617
0.60666
0.60715
0.60764
0.60813
0.60862
0.60911
0.60960
0.61009
0.61058
0.61107
0.61156
0.61205
0.61254
0.61303
0.61352
0.61401
0.61450
0.61499
0.61548
0.61597
0.61646
0.61695
0.61744
0.61793
0.61842
0.61891
0.61940
0.61989
0.62038
0.62087
0.62136
0.62185
0.62234
0.62283
0.62332
0.62381
0.62430
0.62479
0.62528
0.62577
0.62626
0.62675
0.62724
0.62773
0.62822
0.62871
0.62920
0.62969
0.63018
0.63067
0.63116
0.63165
0.63214
0.63263
0.63312
0.63361
0.63410
0.63459
0.63508
0.63557
0.63606
0.63655
0.63704
0.63753
0.63802
0.63851
0.63900
0.63949
0.63998
0.64047
0.64096
0.64145
0.64194
0.64243
0.64292
0.64341
0.64390
0.64439
0.64488
0.64537
0.64586
0.64635
0.64684
0.64733
0.64782
0.64831
0.64880
0.64929
0.64978
0.65027
0.65076
0.65125
0.65174
0.65223
0.65272
0.65321
0.65370
0.65419
0.65468
0.65517
0.65566
0.65615
0.65664
0.65713
0.65762
0.65811
0.65860
0.65909
0.65958
0.66007
0.66056
0.66105
0.66154
0.66203
0.66252
0.66301
0.66350
0.66399
0.66448
0.66497
0.66546
0.66595
0.66644
0.66693
0.66742
0.66791
0.66840
0.66889
0.66938
0.66987
0.67036
0.67085
0.67134
0.67183
0.67232
0.67281
0.67330
0.67379
0.67428
0.67477
0.67526
0.67575
0.67624
0.67673
0.67722
0.67771
0.67820
0.67869
0.67918
0.67967
0.68016
0.68065
0.68114
0.68163
0.68212
0.68261
0.68310
0.68359
0.68408
0.68457
0.68506
0.68555
0.68604
0.68653
0.68702
0.68751
0.68800
0.68849
0.68898
0.68947
0.68996
0.69045
0.69094
0.69143
0.69192
0.69241
0.69290
0.69339
0.69388
0.69437
0.69486
0.69535
0.69584
0.69633
0.69682
0.69731
0.69780
0.69829
0.69878
0.69927
0.69976
0.70025
0.70074
0.70123
0.70172
0.70221
0.70270
0.70319
0.70368
0.70417
0.70466
0.70515
0.70564
0.70613
0.70662
0.70711
0.70760
0.70809
0.70858
0.70907
0.70956
0.71005
0.71054
0.71103
0.71152
0.71201
0.71250
0.71299
0.71348
0.71397
0.71446
0.71495
0.71544
0.71593
0.71642
0.71691
0.71740
0.71789
0.71838
0.71887
0.71936
0.71985
0.72034
0.72083
0.72132
0.72181
0.72230
0.72279
0.72328
0.72377
0.72426
0.72475
0.72524
0.72573
0.72622
0.72671
0.72720
0.72769
0.72818
0.72867
0.72916
0.72965
0.73014
0.73063
0.73112
0.73161
0.73210
0.73259
0.73308
0.73357
0.73406
0.73455
0.73504
0.73553
0.73602
0.73651
0.73700
0.73749
0.73798
0.73847
0.73896
0.73945
0.73994
0.74043
0.74092
0.74141
0.74190
0.74239
0.74288
0.74337
0.74386
0.74435
0.74484
0.74533
0.74582
0.74631
0.74680
0.74729
0.74778
0.74827
0.74876
0.74925
0.74974
0.75023
0.75072
0.75121
0.75170
0.75219
0.75268
0.75317
0.75366
0.75415
0.75464
0.75513
0.75562
0.75611
0.75660
0.75709
0.75758
0.75807
0.75856
0.75905
0.75954
0.76003
0.76052
0.76101
0.76150
0.76199
0.76248
0.76297
0.76346
0.76395
0.76444
0.76493
0.76542
0.76591
0.76640
0.76689
0.76738
0.76787
0.76836
0.76885
0.76934
0.76983
0.77032
0.77081
0.77130
0.77179
0.77228
0.77277
0.77326
0.77375
0.77424
0.77473
0.77522
0.77571
0.77620
0.77669
0.77718
0.77767
0.77816
0.77865
0.77914
0.77963
0.78012
0.78061
0.78110
0.78159
0.78208
0.78257
0.78306
0.78355
0.78404
0.78453
0.78502
0.78551
0.78600
0.78649
0.78698
0.78747
0.78796
0.78845
0.78894
0.78943
0.78992
0.79041
0.79090
0.79139
0.79188
0.79237
0.79286
0.79335
0.79384
0.79433
0.79482
0.79531
0.79580
0.79629
0.79678
0.79727
0.79776
0.79825
0.79874
0.79923
0.79972
0.80021
0.80070
0.80119
0.80168
0.80217
0.80266
0.80315
0.80364
0.80413
0.80462
0.80511
0.80560
0.80609
0.80658
0.80707
0.80756
0.80805
0.80854
0.80903
0.80952
0.81001
0.81050
0.81099
0.81148
0.81197
0.81246
0.81295
0.81344
0.81393
0.81442
0.81491
0.81540
0.81589
0.81638
0.81687
0.81736
0.81785
0.81834
0.81883
0.81932
0.81981
0.82030
0.82079
0.82128
0.82177
0.82226
0.82275
0.82324
0.82373
0.82422
0.82471
0.82520
0.82569
0.82618
0.82667
0.82716
0.82765
0.82814
0.82863
0.82912
0.82961
0.83010
0.83059
0.83108
0.83157
0.83206
0.83255
0.83304
0.83353
0.83402
0.83451
0.83500
0.83549
0.83598
0.83647
0.83696
0.83745
0.83794
0.83843
0.83892
0.83941
0.83990
0.84039
0.84088
0.84137
0.84186
0.84235
0.84284
0.84333
0.84382
0.84431
0.84480
0.84529
0.84578
0.84627
0.84676
0.84725
0.84774
0.84823
0.84872
0.84921
0.84970
0.85019
0.85068
0.85117
0.85166
0.85215
0.85264
0.85313
0.85362
0.85411
0.85460
0.85509
0.85558
0.85607
0.85656
0.85705
0.85754
0.85803
0.85852
0.85901
0.85950
0.85999
0.86048
0.86097
0.86146
0.86195
0.86244
0.86293
0.86342
0.86391
0.86440
0.86489
0.86538
0.86587
0.86636
0.86685
0.86734
0.86783
0.86832
0.86881
0.86930
0.86979
0.87028
0.87077
0.87126
0.87175
0.87224
0.87273
0.87322
0.87371
0.87420
0.87469
0.87518
0.87567
0.87616
0.87665
0.87714
0.87763
0.87812
0.87861
0.87910
0.87959
0.88008
0.88057
0.88106
0.88155
0.88204
0.88253
0.88302
0.88351
0.88400
0.88449
0.88498
0.88547
0.88596
0.88645
0.88694
0.88743
0.88792
0.88841
0.88890
0.88939
0.88988
0.89037
0.89086
0.89135
0.89184
0.89233
0.89282
0.89331
0.89380
0.89429
0.89478
0.89527
0.89576
0.89625
0.89674
0.89723
0.89772
0.89821
0.89870
0.89919
0.89968
0.90017
0.90066
0.90115
0.90164
0.90213
0.90262
0.90311
0.90360
0.90409
0.90458
0.90507
0.90556
0.90605
0.90654
0.90703
0.90752
0.90801
0.90850
0.90899
0.90948
0.90997
0.91046
0.91095
0.91144
0.91193
0.91242
0.91291
0.91340
0.91389
0.91438
0.91487
0.91536
0.91585
0.91634
0.91683
0.91732
0.91781
0.91830
0.91879
0.91928
0.91977
0.92026
0.92075
0.92124
0.92173
0.92222
0.92271
0.92320
0.92369
0.92418
0.92467
0.92516
0.92565
0.92614
0.92663
0.92712
0.92761
0.92810
0.92859
0.92908
0.92957
0.93006
0.93055
0.93104
0.93153
0.93202
0.93251
0.93300
0.93349
0.93398
0.93447
0.93496
0.93545
0.93594
0.93643
0.93692
0.93741
0.93790
0.93839
0.93888
0.93937
0.93986
0.94035
0.94084
0.94133
0.94182
0.94231
0.94280
0.94329
0.94378
0.94427
0.94476
0.94525
0.94574
0.94623
0.94672
0.94721
0.94770
0.94819
0.94868
0.94917
0.94966
0.95015
0.95064
0.95113
0.95162
0.95211
0.95260
0.95309
0.95358
0.95407
0.95456
0.95505
0.95554
0.95603
0.95652
0.95701
0.95750
0.95799
0.95848
0.95897
0.95946
0.95995
0.96044
0.96093
0.96142
0.96191
0.96240
0.96289
0.96338
0.96387
0.96436
0.96485
0.96534
0.96583
0.96632
0.96681
0.96730
0.96779
0.96828
0.96877
0.96926
0.96975
0.97024
0.97073
0.97122
0.97171
0.97220
0.97269
0.97318
0.97367
0.97416
0.97465
0.97514
0.97563
0.97612
0.97661
0.97710
0.97759
0.97808
0.97857
0.97906
0.97955
0.98004
0.98053
0.98102
0.98151
0.98200
0.98249
0.98298
0.98347
0.98396
0.98445
0.98494
0.98543
0.98592
0.98641
0.98690
0.98739
0.98788
0.98837
0.98886
0.98935
0.98984
0.99033
0.99082
0.99131
0.99180
0.99229
0.99278
0.99327
0.99376
0.99425
0.99474
0.99523
0.99572
0.99621
0.99670
0.99719
0.99768
0.99817
0.99866
0.99915
0.99964
1.00013
1.00062
1.00111
1.00160
1.00209
1.00258
1.00307
1.00356
1.00405
1.00454
1.00503
1.00552
1.00601
1.00650
1.00699
1.00748
1.00797
1.00846
1.00895
1.00944
1.00993
1.01042
1.01091
1.01140
1.01189
1.01238
1.01287
1.01336
1.01385
1.01434
1.01483
1.01532
1.01581
1.01630
1.01679
1.01728
1.01777
1.01826
1.01875
1.01924
1.01973
1.02022
1.02071
1.02120
1.02169
1.02218
1.02267
1.02316
1.02365
1.02414
1.02463
1.02512
1.02561
1.02610
1.02659
1.02708
1.02757
1.02806
1.02855
1.02904
1.02953
1.03002
1.03051
1.03100
1.03149
1.03198
1.03247
1.03296
1.03345
1.03394
1.03443
1.03492
1.03541
1.03590
1.03639
1.03688
1.03737
1.03786
1.03835
1.03884
1.03933
1.03982
1.04031
1.04080
1.04129
1.04178
1.04227
1.04276
1.04325
1.04374
1.04423
1.04472
1.04521
1.04570
1.04619
1.04668
1.04717
1.04766
1.04815
1.04864
1.04913
1.04962
1.05011
1.05060
1.05109
1.05158
1.05207
1.05256
1.05305
1.05354
1.05403
1.05452
1.05501
1.05550
1.05599
1.05648
1.05697
1.05746
1.05795
1.05844
1.05893
1.05942
1.05991
1.06040
1.06089
1.06138
1.06187
1.06236
1.06285
1.06334
1.06383
1.06432
1.06481
1.06530
1.06579
1.06628
1.06677
1.06726
1.06775
1.06824
1.06873
1.06922
1.06971
1.07020
1.07069
1.07118
1.07167
1.07216
1.07265
1.07314
1.07363
1.07412
1.07461
1.07510
1.07559
1.07608
1.07657
1.07706
1.07755
1.07804
1.07853
1.07902
1.07951
1.08000
1.08049
1.08098
1.08147
1.08196
1.08245
1.08294
1.08343
1.08392
1.08441
1.08490
1.08539
1.08588
1.08637
1.08686
1.08735
1.08784
1.08833
1.08882
1.08931
1.08980
1.09029
1.09078
1.09127
1.09176
1.09225
1.09274
1.09323
1.09372
1.09421
1.09470
1.09519
1.09568
1.09617
1.09666
1.09715
1.09764
1.09813
1.09862
1.09911
1.09960
1.10009
1.10058
1.10107
1.10156
1.10205
1.10254
1.10303
1.10352
1.10401
1.10450
1.10499
1.10548
1.10597
1.10646
1.10695
1.10744
1.10793
1.10842
1.10891
1.10940
1.10989
1.11038
1.11087
1.11136
1.11185
1.11234
1.11283
1.11332
1.11381
1.11430
1.11479
1.11528
1.11577
1.11626
1.11675
1.11724
1.11773
1.11822
1.11871
1.11920
1.11969
1.12018
1.12067
1.12116
1.12165
1.12214
1.12263
1.12312
1.12361
1.12410
1.12459
1.12508
1.12557
1.12606
1.12655
1.12704
1.12753
1.12802
1.12851
1.12900
1.12949
1.12998
1.13047
1.13096
1.13145
1.13194
1.13243
1.13292
1.13341
1.13390
1.13439
1.13488
1.13537
1.13586
1.13635
1.13684
1.13733
1.13782
1.13831
1.13880
1.13929
1.13978
1.14027
1.14076
1.14125
1.14174
1.14223
1.14272
1.14321
1.14370
1.14419
1.14468
1.14517
1.14566
1.14615
1.14664
1.14713
1.14762
1.14811
1.14860
1.14909
1.14958
1.15007
1.15056
1.15105
1.15154
1.15203
1.15252
1.15301
1.15350
1.15399
1.15448
1.15497
1.15546
1.15595
1.15644
1.15693
1.15742
1.15791
1.15840
1.15889
1.15938
1.15987
1.16036
1.16085
1.16134
1.16183
1.16232
1.16281
1.16330
1.16379
1.16428
1.16477
1.16526
1.16575
1.16624
1.16673
1.16722
1.16771
1.16820
1.16869
1.16918
1.16967
1.17016
1.17065
1.17114
1.17163
1.17212
1.17261
1.17310
1.17359
1.17408
1.17457
1.17506
1.17555
1.17604
1.17653
1.17702
1.17751
1.17800
1.17849
1.17898
1.17947
1.17996
1.18045
1.18094
1.18143
1.18192
1.18241
1.18290
1.18339
1.18388
1.18437
1.18486
1.18535
1.18584
1.18633
1.18682
1.18731
1.18780
1.18829
1.18878
1.18927
1.18976
1.19025
1.19074
1.19123
1.19172
1.19221
1.19270
1.19319
1.19368
1.19417
1.19466
1.19515
1.19564
1.19613
1.19662
1.19711
1.19760
1.19809
1.19858
1.19907
1.19956
1.20005
1.20054
1.20103
1.20152
1.20201
1.20250
1.20299
1.20348
1.20397
1.20446
1.20495
1.20544
1.20593
1.20642
1.20691
1.20740
1.20789
1.20838
1.20887
1.20936
1.20985
1.21034
1.21083
1.21132
1.21181
1.21230
1.21279
1.21328
1.21377
1.21426
1.21475
1.21524
1.21573
1.21622
1.21671
1.21720
1.21769
1.21818
1.21867
1.21916
1.21965
1.22014
1.22063
1.22112
1.22161
1.22210
1.22259
1.22308
1.22357
1.22406
1.22455
1.22504
1.22553
1.22602
1.22651
1.22700
1.22749
1.22798
1.22847
1.22896
1.22945
1.22994
1.23043
1.23092
1.23141
1.23190
1.23239
1.23288
1.23337
1.23386
1.23435
1.23484
1.23533
1.23582
1.23631
1.23680
1.23729
1.23778
1.23827
1.23876
1.23925
1.23974
1.24023
1.24072
1.24121
1.24170
1.24219
1.24268
1.24317
1.24366
1.24415
1.24464
1.24513
1.24562
1.24611
1.24660
1.24709
1.24758
1.24807
1.24856
1.24905
1.24954
1.25003
1.25052
1.25101
1.25150
1.25199
1.25248
1.25297
1.25346
1.25395
1.25444
1.25493
1.25542
1.25591
1.25640
1.25689
1.25738
1.25787
1.25836
1.25885
1.25934
1.25983
1.26032
1.26081
1.26130
1.26179
1.26228
1.26277
1.26326
1.26375
1.26424
1.26473
1.26522
1.26571
1.26620
1.26669
1.26718
1.26767
1.26816
1.26865
1.26914
1.26963
1.27012
1.27061
1.27110
1.27159
1.27208
1.27257
1.27306
1.27355
1.27404
1.27453
1.27502
1.27551
1.27600
1.27649
1.27698
1.27747
1.27796
1.27845
1.27894
1.27943
1.27992
1.28041
1.28090
1.28139
1.28188
1.28237
1.28286
1.28335
1.28384
1.28433
1.28482
1.28531
1.28580
1.28629
1.28678
1.28727
1.28776
1.28825
1.28874
1.28923
1.28972
1.29021
1.29070
1.29119
1.29168
1.29217
1.29266
1.29315
1.29364
1.29413
1.29462
1.29511
1.29560
1.29609
1.29658
1.29707
1.29756
1.29805
1.29854
1.29903
1.29952
1.30001
1.30050
1.30099
1.30148
1.30197
1.30246
1.30295
1.30344
1.30393
1.30442
1.30491
1.30540
1.30589
1.30638
1.30687
1.30736
1.30785
1.30834
1.30883
1.30932
1.30981
1.31030
1.31079
1.31128
1.31177
1.31226
1.31275
1.31324
1.31373
1.31422
1.31471
1.31520
1.31569
1.31618
1.31667
1.31716
1.31765
1.31814
1.31863
1.31912
1.31961
1.32010
1.32059
1.32108
1.32157
1.32206
1.32255
1.32304
1.32353
1.32402
1.32451
1.32500
1.32549
1.32598
1.32647
1.32696
1.32745
1.32794
1.32843
1.32892
1.32941
1.32990
1.33039
1.33088
1.33137
1.33186
1.33235
1.33284
1.33333
1.33382
1.33431
1.33480
1.33529
1.33578
1.33627
1.33676
1.33725
1.33774
1.33823
1.33872
1.33921
1.33970
1.34019
1.34068
1.34117
1.34166
1.34215
1.34264
1.34313
1.34362
1.34411
1.34460
1.34509
1.34558
1.34607
1.34656
1.34705
1.34754
1.34803
1.34852
1.34901
1.34950
1.34999
1.35048
1.35097
1.35146
1.35195
1.35244
1.35293
1.35342
1.35391
1.35440
1.35489
1.35538
1.35587
1.35636
1.35685
1.35734
1.35783
1.35832
1.35881
1.35930
1.35979
1.36028
1.36077
1.36126
1.36175
1.36224
1.36273
1.36322
1.36371
1.36420
1.36469
1.36518
1.36567
1.36616
1.36665
1.36714
1.36763
1.36812
1.36861
1.36910
1.36959
1.37008
1.37057
1.37106
1.37155
1.37204
1.37253
1.37302
1.37351
1.37400
1.37449
1.37498
1.37547
1.37596
1.37645
1.37694
1.37743
1.37792
1.37841
1.37890
1.37939
1.37988
1.38037
1.38086
1.38135
1.38184
1.38233
1.38282
1.38331
1.38380
1.38429
1.38478
1.38527
1.38576
1.38625
1.38674
1.38723
1.38772
1.38821
1.38870
1.38919
1.38968
1.39017
1.39066
1.39115
1.39164
1.39213
1.39262
1.39311
1.39360
1.39409
1.39458
1.39507
1.39556
1.39605
1.39654
1.39703
1.39752
1.39801
1.39850
1.39899
1.39948
1.39997
1.40046
1.40095
1.40144
1.40193
1.40242
1.40291
1.40340
1.40389
1.40438
1.40487
1.40536
1.40585
1.40634
1.40683
1.40732
1.40781
1.40830
1.40879
1.40928
1.40977
1.41026
1.41075
1.41124
1.41173
1.41222
1.41271
1.41320
1.41369
1.41418
1.41467
1.41516
1.41565
1.41614
1.41663
1.41712
1.41761
1.41810
1.41859
1.41908
1.41957
1.42006
1.42055
1.42104
1.42153
1.42202
1.42251
1.42300
1.42349
1.42398
1.42447
1.42496
1.42545
1.42594
1.42643
1.42692
1.42741
1.42790
1.42839
1.42888
1.42937
1.42986
1.43035
1.43084
1.43133
1.43182
1.43231
1.43280
1.43329
1.43378
1.43427
1.43476
1.43525
1.43574
1.43623
1.43672
1.43721
1.43770
1.43819
1.43868
1.43917
1.43966
1.44015
1.44064
1.44113
1.44162
1.44211
1.44260
1.44309
1.44358
1.44407
1.44456
1.44505
1.44554
1.44603
1.44652
1.44701
1.44750
1.44799
1.44848
1.44897
1.44946
1.44995
1.45044
1.45093
1.45142
1.45191
1.45240
1.45289
1.45338
1.45387
1.45436
1.45485
1.45534
1.45583
1.45632
1.45681
1.45730
1.45779
1.45828
1.45877
1.45926
1.45975
1.46024
1.46073
1.46122
1.46171
1.46220
1.46269
1.46318
1.46367
1.46416
1.46465
1.46514
1.46563
1.46612
1.46661
1.46710
1.46759
1.46808
1.46857
1.46906
1.46955
1.47004
1.47053
1.47102
1.47151
1.47200
1.47249
1.47298
1.47347
1.47396
1.47445
1.47494
1.47543
1.47592
1.47641
1.47690
1.47739
1.47788
1.47837
1.47886
1.47935
1.47984
1.48033
1.48082
1.48131
1.48180
1.48229
1.48278
1.48327
1.48376
1.48425
1.48474
1.48523
1.48572
1.48621
1.48670
1.48719
1.48768
1.48817
1.48866
1.48915
1.48964
1.49013
1.49062
1.49111
1.49160
1.49209
1.49258
1.49307
1.49356
1.49405
1.49454
1.49503
1.49552
1.49601
1.49650
1.49699
1.49748
1.49797
1.49846
1.49895
1.49944
1.49993
1.50042
1.50091
1.50140
1.50189
1.50238
1.50287
1.50336
1.50385
1.50434
1.50483
1.50532
1.50581
1.50630
1.50679
1.50728
1.50777
1.50826
1.50875
1.50924
1.50973
1.51022
1.51071
1.51120
1.51169
1.51218
1.51267
1.51316
1.51365
1.51414
1.51463
1.51512
1.51561
1.51610
1.51659
1.51708
1.51757
1.51806
1.51855
1.51904
1.51953
1.52002
1.52051
1.52100
1.52149
1.52198
1.52247
1.52296
1.52345
1.52394
1.52443
1.52492
1.52541
1.52590
1.52639
1.52688
1.52737
1.52786
1.52835
1.52884
1.52933
1.52982
1.53031
1.53080
1.53129
1.53178
1.53227
1.53276
1.53325
1.53374
1.53423
1.53472
1.53521
1.53570
1.53619
1.53668
1.53717
1.53766
1.53815
1.53864
1.53913
1.53962
1.54011
1.54060
1.54109
1.54158
1.54207
1.54256
1.54305
1.54354
1.54403
1.54452
1.54501
1.54550
1.54599
1.54648
1.54697
1.54746
1.54795
1.54844
1.54893
1.54942
1.54991
1.55040
1.55089
1.55138
1.55187
1.55236
1.55285
1.55334
1.55383
1.55432
1.55481
1.55530
1.55579
1.55628
1.55677
1.55726
1.55775
1.55824
1.55873
1.55922
1.55971
1.56020
1.56069
1.56118
1.56167
1.56216
1.56265
1.56314
1.56363
1.56412
1.56461
1.56510
1.56559
1.56608
1.56657
1.56706
1.56755
1.56804
1.56853
1.56902
1.56951
1.57000
1.57049
1.57098
1.57147
1.57196
1.57245
1.57294
1.57343
1.57392
1.57441
1.57490
1.57539
1.57588
1.57637
1.57686
1.57735
1.57784
1.57833
1.57882
1.57931
1.57980
1.58029
1.58078
1.58127
1.58176
1.58225
1.58274
1.58323
1.58372
1.58421
1.58470
1.58519
1.58568
1.58617
1.58666
1.58715
1.58764
1.58813
1.58862
1.58911
1.58960
1.59009
1.59058
1.59107
1.59156
1.59205
1.59254
1.59303
1.59352
1.59401
1.59450
1.59499
1.59548
1.59597
1.59646
1.59695
1.59744
1.59793
1.59842
1.59891
1.59940
1.59989
1.60038
1.60087
1.60136
1.60185
1.60234
1.60283
1.60332
1.60381
1.60430
1.60479
1.60528
1.60577
1.60626
1.60675
1.60724
1.60773
1.60822
1.60871
1.60920
1.60969
1.61018
1.61067
1.61116
1.61165
1.61214
1.61263
1.61312
1.61361
1.61410
1.61459
1.61508
1.61557
1.61606
1.61655
1.61704
1.61753
1.61802
1.61851
1.61900
1.61949
1.61998
1.62047
1.62096
1.62145
1.62194
1.62243
1.62292
1.62341
1.62390
1.62439
1.62488
1.62537
1.62586
1.62635
1.62684
1.62733
1.62782
1.62831
1.62880
1.62929
1.62978
1.63027
1.63076
1.63125
1.63174
1.63223
1.63272
1.63321
1.63370
1.63419
1.63468
1.63517
1.63566
1.63615
1.63664
1.63713
1.63762
1.63811
1.63860
1.63909
1.63958
1.64007
1.64056
1.64105
1.64154
1.64203
1.64252
1.64301
1.64350
1.64399
1.64448
1.64497
1.64546
1.64595
1.64644
1.64693
1.64742
1.64791
1.64840
1.64889
1.64938
1.64987
1.65036
1.65085
1.65134
1.65183
1.65232
1.65281
1.65330
1.65379
1.65428
1.65477
1.65526
1.65575
1.65624
1.65673
1.65722
1.65771
1.65820
1.65869
1.65918
1.65967
1.66016
1.66065
1.66114
1.66163
1.66212
1.66261
1.66310
1.66359
1.66408
1.66457
1.66506
1.66555
1.66604
1.66653
1.66702
1.66751
1.66800
1.66849
1.66898
1.66947
1.66996
1.67045
1.67094
1.67143
1.67192
1.67241
1.67290
1.67339
1.67388
1.67437
1.67486
1.67535
1.67584
1.67633
1.67682
1.67731
1.67780
1.67829
1.67878
1.67927
1.67976
1.68025
1.68074
1.68123
1.68172
1.68221
1.68270
1.68319
1.68368
1.68417
1.68466
1.68515
1.68564
1.68613
1.68662
1.68711
1.68760
1.68809
1.68858
1.68907
1.68956
1.69005
1.69054
1.69103
1.69152
1.69201
1.69250
1.69299
1.69348
1.69397
1.69446
1.69495
1.69544
1.69593
1.69642
1.69691
1.69740
1.69789
1.69838
1.69887
1.69936
1.69985
1.70034
1.70083
1.70132
1.70181
1.70230
1.70279
1.70328
1.70377
1.70426
1.70475
1.70524
1.70573
1.70622
1.70671
1.70720
1.70769
1.70818
1.70867
1.70916
1.70965
1.71014
1.71063
1.71112
1.71161
1.71210
1.71259
1.71308
1.71357
1.71406
1.71455
1.71504
1.71553
1.71602
1.71651
1.71700
1.71749
1.71798
1.71847
1.71896
1.71945
1.71994
1.72043
1.72092
1.72141
1.72190
1.72239
1.72288
1.72337
1.72386
1.72435
1.72484
1.72533
1.72582
1.72631
1.72680
1.72729
1.72778
1.72827
1.72876
1.72925
1.72974
1.73023
1.73072
1.73121
1.73170
1.73219
1.73268
1.73317
1.73366
1.73415
1.73464
1.73513
1.73562
1.73611
1.73660
1.73709
1.73758
1.73807
1.73856
1.73905
1.73954
1.74003
1.74052
1.74101
1.74150
1.74199
1.74248
1.74297
1.74346
1.74395
1.74444
1.74493
1.74542
1.74591
1.74640
1.74689
1.74738
1.74787
1.74836
1.74885
1.74934
1.74983
1.75032
1.75081
1.75130
1.75179
1.75228
1.75277
1.75326
1.75375
1.75424
1.75473
1.75522
1.75571
1.75620
1.75669
1.75718
1.75767
1.75816
1.75865
1.75914
1.75963
1.76012
1.76061
1.76110
1.76159
1.76208
1.76257
1.76306
1.76355
1.76404
1.76453
1.76502
1.76551
1.76600
1.76649
1.76698
1.76747
1.76796
1.76845
1.76894
1.76943
1.76992
1.77041
1.77090
1.77139
1.77188
1.77237
1.77286
1.77335
1.77384
1.77433
1.77482
1.77531
1.77580
1.77629
1.77678
1.77727
1.77776
1.77825
1.77874
1.77923
1.77972
1.78021
1.78070
1.78119
1.78168
1.78217
1.78266
1.78315
1.78364
1.78413
1.78462
1.78511
1.78560
1.78609
1.78658
1.78707
1.78756
1.78805
1.78854
1.78903
1.78952
1.79001
1.79050
1.79099
1.79148
1.79197
1.79246
1.79295
1.79344
1.79393
1.79442
1.79491
1.79540
1.79589
1.79638
1.79687
1.79736
1.79785
1.79834
1.79883
1.79932
1.79981
1.80030
1.80079
1.80128
1.80177
1.80226
1.80275
1.80324
1.80373
1.80422
1.80471
1.80520
1.80569
1.80618
1.80667
1.80716
1.80765
1.80814
1.80863
1.80912
1.80961
1.81010
1.81059
1.81108
1.81157
1.81206
1.81255
1.81304
1.81353
1.81402
1.81451
1.81500
1.81549
1.81598
1.81647
1.81696
1.81745
1.81794
1.81843
1.81892
1.81941
1.81990
1.82039
1.82088
1.82137
1.82186
1.82235
1.82284
1.82333
1.82382
1.82431
1.82480
1.82529
1.82578
1.82627
1.82676
1.82725
1.82774
1.82823
1.82872
1.82921
1.82970
1.83019
1.83068
1.83117
1.83166
1.83215
1.83264
1.83313
1.83362
1.83411
1.83460
1.83509
1.83558
1.83607
1.83656
1.83705
1.83754
1.83803
1.83852
1.83901
1.83950
1.83999
1.84048
1.84097
1.84146
1.84195
1.84244
1.84293
1.84342
1.84391
1.84440
1.84489
1.84538
1.84587
1.84636
1.84685
1.84734
1.84783
1.84832
1.84881
1.84930
1.84979
1.85028
1.85077
1.85126
1.85175
1.85224
1.85273
1.85322
1.85371
1.85420
1.85469
1.85518
1.85567
1.85616
1.85665
1.85714
1.85763
1.85812
1.85861
1.85910
1.85959
1.86008
1.86057
1.86106
1.86155
1.86204
1.86253
1.86302
1.86351
1.86400
1.86449
1.86498
1.86547
1.86596
1.86645
1.86694
1.86743
1.86792
1.86841
1.86890
1.86939
1.86988
1.87037
1.87086
1.87135
1.87184
1.87233
1.87282
1.87331
1.87380
1.87429
1.87478
1.87527
1.87576
1.87625
1.87674
1.87723
1.87772
1.87821
1.87870
1.87919
1.87968
1.88017
1.88066
1.88115
1.88164
1.88213
1.88262
1.88311
1.88360
1.88409
1.88458
1.88507
1.88556
1.88605
1.88654
1.88703
1.88752
1.88801
1.88850
1.88899
1.88948
1.88997
1.89046
1.89095
1.89144
1.89193
1.89242
1.89291
1.89340
1.89389
1.89438
1.89487
1.89536
1.89585
1.89634
1.89683
1.89732
1.89781
1.89830
1.89879
1.89928
1.89977
1.90026
1.90075
1.90124
1.90173
1.90222
1.90271
1.90320
1.90369
1.90418
1.90467
1.90516
1.90565
1.90614
1.90663
1.90712
1.90761
1.90810
1.90859
1.90908
1.90957
1.91006
1.91055
1.91104
1.91153
1.91202
1.91251
1.91300
1.91349
1.91398
1.91447
1.91496
1.91545
1.91594
1.91643
1.91692
1.91741
1.91790
1.91839
1.91888
1.91937
1.91986
1.92035
1.92084
1.92133
1.92182
1.92231
1.92280
1.92329
1.92378
1.92427
1.92476
1.92525
1.92574
1.92623
1.92672
1.92721
1.92770
1.92819
1.92868
1.92917
1.92966
1.93015
1.93064
1.93113
1.93162
1.93211
1.93260
1.93309
1.93358
1.93407
1.93456
1.93505
1.93554
1.93603
1.93652
1.93701
1.93750
1.93799
1.93848
1.93897
1.93946
1.93995
1.94044
1.94093
1.94142
1.94191
1.94240
1.94289
1.94338
1.94387
1.94436
1.94485
1.94534
1.94583
1.94632
1.94681
1.94730
1.94779
1.94828
1.94877
1.94926
1.94975
1.95024
1.95073
1.95122
1.95171
1.95220
1.95269
1.95318
1.95367
1.95416
1.95465
1.95514
1.95563
1.95612
1.95661
1.95710
1.95759
1.95808
1.95857
1.95906
1.95955
1.96004
1.96053
1.96102
1.96151
1.96200
1.96249
1.96298
1.96347
1.96396
1.96445
1.96494
1.96543
1.96592
1.96641
1.96690
1.96739
1.96788
1.96837
1.96886
1.96935
1.96984
1.97033
1.97082
1.97131
1.97180
1.97229
1.97278
1.97327
1.97376
1.97425
1.97474
1.97523
1.97572
1.97621
1.97670
1.97719
1.97768
1.97817
1.97866
1.97915
1.97964
1.98013
1.98062
1.98111
1.98160
1.98209
1.98258
1.98307
1.98356
1.98405
1.98454
1.98503
1.98552
1.98601
1.98650
1.98699
1.98748
1.98797
1.98846
1.98895
1.98944
1.98993
1.99042
1.99091
1.99140
1.99189
1.99238
1.99287
1.99336
1.99385
1.99434
1.99483
1.99532
1.99581
1.99630
1.99679
1.99728
1.99777
1.99826
1.99875
1.99924
1.99973
2.00022
2.00071
2.00120
2.00169
2.00218
2.00267
2.00316
2.00365
2.00414
2.00463
2.00512
2.00561
2.00610
2.00659
2.00708
2.00757
2.00806
2.00855
2.00904
2.00953
2.01002
2.01051
2.01100
2.01149
2.01198
2.01247
2.01296
2.01345
2.01394
2.01443
2.01492
2.01541
2.01590
2.01639
2.01688
2.01737
2.01786
2.01835
2.01884
2.01933
2.01982
2.02031
2.02080
2.02129
2.02178
2.02227
2.02276
2.02325
2.02374
2.02423
2.02472
2.02521
2.02570
2.02619
2.02668
2.02717
2.02766
2.02815
2.02864
2.02913
2.02962
2.03011
2.03060
2.03109
2.03158
2.03207
2.03256
2.03305
2.03354
2.03403
2.03452
2.03501
2.03550
2.03599
2.03648
2.03697
2.03746
2.03795
2.03844
2.03893
2.03942
2.03991
2.04040
2.04089
2.04138
2.04187
2.04236
2.04285
2.04334
2.04383
2.04432
2.04481
2.04530
2.04579
2.04628
2.04677
2.04726
2.04775
2.04824
2.04873
2.04922
2.04971
2.05020
2.05069
2.05118
2.05167
2.05216
2.05265
2.05314
2.05363
2.05412
2.05461
2.05510
2.05559
2.05608
2.05657
2.05706
2.05755
2.05804
2.05853
2.05902
2.05951
2.06000
2.06049
2.06098
2.06147
2.06196
2.06245
2.06294
2.06343
2.06392
2.06441
2.06490
2.06539
2.06588
2.06637
2.06686
2.06735
2.06784
2.06833
2.06882
2.06931
2.06980
2.07029
2.07078
2.07127
2.07176
2.07225
2.07274
2.07323
2.07372
2.07421
2.07470
2.07519
2.07568
2.07617
2.07666
2.07715
2.07764
2.07813
2.07862
2.07911
2.07960
2.08009
2.08058
2.08107
2.08156
2.08205
2.08254
2.08303
2.08352
2.08401
2.08450
2.08499
2.08548
2.08597
2.08646
2.08695
2.08744
2.08793
2.08842
2.08891
2.08940
2.08989
2.09038
2.09087
2.09136
2.09185
2.09234
2.09283
2.09332
2.09381
2.09430
2.09479
2.09528
2.09577
2.09626
2.09675
2.09724
2.09773
2.09822
2.09871
2.09920
2.09969
2.10018
2.10067
2.10116
2.10165
2.10214
2.10263
2.10312
2.10361
2.10410
2.10459
2.10508
2.10557
2.10606
2.10655
2.10704
2.10753
2.10802
2.10851
2.10900
2.10949
2.10998
2.11047
2.11096
2.11145
2.11194
2.11243
2.11292
2.11341
2.11390
2.11439
2.11488
2.11537
2.11586
2.11635
2.11684
2.11733
2.11782
2.11831
2.11880
2.11929
2.11978
2.12027
2.12076
2.12125
2.12174
2.12223
2.12272
2.12321
2.12370
2.12419
2.12468
2.12517
2.12566
2.12615
2.12664
2.12713
2.12762
2.12811
2.12860
2.12909
2.12958
2.13007
2.13056
2.13105
2.13154
2.13203
2.13252
2.13301
2.13350
2.13399
2.13448
2.13497
2.13546
2.13595
2.13644
2.13693
2.13742
2.13791
2.13840
2.13889
2.13938
2.13987
2.14036
2.14085
2.14134
2.14183
2.14232
2.14281
2.14330
2.14379
2.14428
2.14477
2.14526
2.14575
2.14624
2.14673
2.14722
2.14771
2.14820
2.14869
2.14918
2.14967
2.15016
2.15065
2.15114
2.15163
2.15212
2.15261
2.15310
2.15359
2.15408
2.15457
2.15506
2.15555
2.15604
2.15653
2.15702
2.15751
2.15800
2.15849
2.15898
2.15947
2.15996
2.16045
2.16094
2.16143
2.16192
2.16241
2.16290
2.16339
2.16388
2.16437
2.16486
2.16535
2.16584
2.16633
2.16682
2.16731
2.16780
2.16829
2.16878
2.16927
2.16976
2.17025
2.17074
2.17123
2.17172
2.17221
2.17270
2.17319
2.17368
2.17417
2.17466
2.17515
2.17564
2.17613
2.17662
2.17711
2.17760
2.17809
2.17858
2.17907
2.17956
2.18005
2.18054
2.18103
2.18152
2.18201
2.18250
2.18299
2.18348
2.18397
2.18446
2.18495
2.18544
2.18593
2.18642
2.18691
2.18740
2.18789
2.18838
2.18887
2.18936
2.18985
2.19034
2.19083
2.19132
2.19181
2.19230
2.19279
2.19328
2.19377
2.19426
2.19475
2.19524
2.19573
2.19622
2.19671
2.19720
2.19769
2.19818
2.19867
2.19916
2.19965
2.20014
2.20063
2.20112
2.20161
2.20210
2.20259
2.20308
2.20357
2.20406
2.20455
2.20504
2.20553
2.20602
2.20651
2.20700
2.20749
2.20798
2.20847
2.20896
2.20945
2.20994
2.21043
2.21092
2.21141
2.21190
2.21239
2.21288
2.21337
2.21386
2.21435
2.21484
2.21533
2.21582
2.21631
2.21680
2.21729
2.21778
2.21827
2.21876
2.21925
2.21974
2.22023
2.22072
2.22121
2.22170
2.22219
2.22268
2.22317
2.22366
2.22415
2.22464
2.22513
2.22562
2.22611
2.22660
2.22709
2.22758
2.22807
2.22856
2.22905
2.22954
2.23003
2.23052
2.23101
2.23150
2.23199
2.23248
2.23297
2.23346
2.23395
2.23444
2.23493
2.23542
2.23591
2.23640
2.23689
2.23738
2.23787
2.23836
2.23885
2.23934
2.23983
2.24032
2.24081
2.24130
2.24179
2.24228
2.24277
2.24326
2.24375
2.24424
2.24473
2.24522
2.24571
2.24620
2.24669
2.24718
2.24767
2.24816
2.24865
2.24914
2.24963
2.25012
2.25061
2.25110
2.25159
2.25208
2.25257
2.25306
2.25355
2.25404
2.25453
2.25502
2.25551
2.25600
2.25649
2.25698
2.25747
2.25796
2.25845
2.25894
2.25943
2.25992
2.26041
2.26090
2.26139
2.26188
2.26237
2.26286
2.26335
2.26384
2.26433
2.26482
2.26531
2.26580
2.26629
2.26678
2.26727
2.26776
2.26825
2.26874
2.26923
2.26972
2.27021
2.27070
2.27119
2.27168
2.27217
2.27266
2.27315
2.27364
2.27413
2.27462
2.27511
2.27560
2.27609
2.27658
2.27707
2.27756
2.27805
2.27854
2.27903
2.27952
2.28001
2.28050
2.28099
2.28148
2.28197
2.28246
2.28295
2.28344
2.28393
2.28442
2.28491
2.28540
2.28589
2.28638
2.28687
2.28736
2.28785
2.28834
2.28883
2.28932
2.28981
2.29030
2.29079
2.29128
2.29177
2.29226
2.29275
2.29324
2.29373
2.29422
2.29471
2.29520
2.29569
2.29618
2.29667
2.29716
2.29765
2.29814
2.29863
2.29912
2.29961
2.30010
2.30059
2.30108
2.30157
2.30206
2.30255
2.30304
2.30353
2.30402
2.30451
2.30500
2.30549
2.30598
2.30647
2.30696
2.30745
2.30794
2.30843
2.30892
2.30941
2.30990
2.31039
2.31088
2.31137
2.31186
2.31235
2.31284
2.31333
2.31382
2.31431
2.31480
2.31529
2.31578
2.31627
2.31676
2.31725
2.31774
2.31823
2.31872
2.31921
2.31970
2.32019
2.32068
2.32117
2.32166
2.32215
2.32264
2.32313
2.32362
2.32411
2.32460
2.32509
2.32558
2.32607
2.32656
2.32705
2.32754
2.32803
2.32852
2.32901
2.32950
2.32999
2.33048
2.33097
2.33146
2.33195
2.33244
2.33293
2.33342
2.33391
2.33440
2.33489
2.33538
2.33587
2.33636
2.33685
2.33734
2.33783
2.33832
2.33881
2.33930
2.33979
2.34028
2.34077
2.34126
2.34175
2.34224
2.34273
2.34322
2.34371
2.34420
2.34469
2.34518
2.34567
2.34616
2.34665
2.34714
2.34763
2.34812
2.34861
2.34910
2.34959
2.35008
2.35057
2.35106
2.35155
2.35204
2.35253
2.35302
2.35351
2.35400
2.35449
2.35498
2.35547
2.35596
2.35645
2.35694
2.35743
2.35792
2.35841
2.35890
2.35939
2.35988
2.36037
2.36086
2.36135
2.36184
2.36233
2.36282
2.36331
2.36380
2.36429
2.36478
2.36527
2.36576
2.36625
2.36674
2.36723
2.36772
2.36821
2.36870
2.36919
2.36968
2.37017
2.37066
2.37115
2.37164
2.37213
2.37262
2.37311
2.37360
2.37409
2.37458
2.37507
2.37556
2.37605
2.37654
2.37703
2.37752
2.37801
2.37850
2.37899
2.37948
2.37997
2.38046
2.38095
2.38144
2.38193
2.38242
2.38291
2.38340
2.38389
2.38438
2.38487
2.38536
2.38585
2.38634
2.38683
2.38732
2.38781
2.38830
2.38879
2.38928
2.38977
2.39026
2.39075
2.39124
2.39173
2.39222
2.39271
2.39320
2.39369
2.39418
2.39467
2.39516
2.39565
2.39614
2.39663
2.39712
2.39761
2.39810
2.39859
2.39908
2.39957
2.40006
2.40055
2.40104
2.40153
2.40202
2.40251
2.40300
2.40349
2.40398
2.40447
2.40496
2.40545
2.40594
2.40643
2.40692
2.40741
2.40790
2.40839
2.40888
2.40937
2.40986
2.41035
2.41084
2.41133
2.41182
2.41231
2.41280
2.41329
2.41378
2.41427
2.41476
2.41525
2.41574
2.41623
2.41672
2.41721
2.41770
2.41819
2.41868
2.41917
2.41966
2.42015
2.42064
2.42113
2.42162
2.42211
2.42260
2.42309
2.42358
2.42407
2.42456
2.42505
2.42554
2.42603
2.42652
2.42701
2.42750
2.42799
2.42848
2.42897
2.42946
2.42995
2.43044
2.43093
2.43142
2.43191
2.43240
2.43289
2.43338
2.43387
2.43436
2.43485
2.43534
2.43583
2.43632
2.43681
2.43730
2.43779
2.43828
2.43877
2.43926
2.43975
2.44024
2.44073
2.44122
2.44171
2.44220
2.44269
2.44318
2.44367
2.44416
2.44465
2.44514
2.44563
2.44612
2.44661
2.44710
2.44759
2.44808
2.44857
2.44906
2.44955
2.45004
2.45053
2.45102
2.45151
2.45200
2.45249
2.45298
2.45347
2.45396
2.45445
2.45494
2.45543
2.45592
2.45641
2.45690
2.45739
2.45788
2.45837
2.45886
2.45935
2.45984
2.46033
2.46082
2.46131
2.46180
2.46229
2.46278
2.46327
2.46376
2.46425
2.46474
2.46523
2.46572
2.46621
2.46670
2.46719
2.46768
2.46817
2.46866
2.46915
2.46964
2.47013
2.47062
2.47111
2.47160
2.47209
2.47258
2.47307
2.47356
2.47405
2.47454
2.47503
2.47552
2.47601
2.47650
2.47699
2.47748
2.47797
2.47846
2.47895
2.47944
2.47993
2.48042
2.48091
2.48140
2.48189
2.48238
2.48287
2.48336
2.48385
2.48434
2.48483
2.48532
2.48581
2.48630
2.48679
2.48728
2.48777
2.48826
2.48875
2.48924
2.48973
2.49022
2.49071
2.49120
2.49169
2.49218
2.49267
2.49316
2.49365
2.49414
2.49463
2.49512
2.49561
2.49610
2.49659
2.49708
2.49757
2.49806
2.49855
2.49904
2.49953
2.50002
2.50051
2.50100
2.50149
2.50198
2.50247
2.50296
2.50345
2.50394
2.50443
2.50492
2.50541
2.50590
2.50639
2.50688
2.50737
2.50786
2.50835
2.50884
2.50933
2.50982
2.51031
2.51080
2.51129
2.51178
2.51227
2.51276
2.51325
2.51374
2.51423
2.51472
2.51521
2.51570
2.51619
2.51668
2.51717
2.51766
2.51815
2.51864
2.51913
2.51962
2.52011
2.52060
2.52109
2.52158
2.52207
2.52256
2.52305
2.52354
2.52403
2.52452
2.52501
2.52550
2.52599
2.52648
2.52697
2.52746
2.52795
2.52844
2.52893
2.52942
2.52991
2.53040
2.53089
2.53138
2.53187
2.53236
2.53285
2.53334
2.53383
2.53432
2.53481
2.53530
2.53579
2.53628
2.53677
2.53726
2.53775
2.53824
2.53873
2.53922
2.53971
2.54020
2.54069
2.54118
2.54167
2.54216
2.54265
2.54314
2.54363
2.54412
2.54461
2.54510
2.54559
2.54608
2.54657
2.54706
2.54755
2.54804
2.54853
2.54902
2.54951
2.55000
2.55049
2.55098
2.55147
2.55196
2.55245
2.55294
2.55343
2.55392
2.55441
2.55490
2.55539
2.55588
2.55637
2.55686
2.55735
2.55784
2.55833
2.55882
2.55931
2.55980
2.56029
2.56078
2.56127
2.56176
2.56225
2.56274
2.56323
2.56372
2.56421
2.56470
2.56519
2.56568
2.56617
2.56666
2.56715
2.56764
2.56813
2.56862
2.56911
2.56960
2.57009
2.57058
2.57107
2.57156
2.57205
2.57254
2.57303
2.57352
2.57401
2.57450
2.57499
2.57548
2.57597
2.57646
2.57695
2.57744
2.57793
2.57842
2.57891
2.57940
2.57989
2.58038
2.58087
2.58136
2.58185
2.58234
2.58283
2.58332
2.58381
2.58430
2.58479
2.58528
2.58577
2.58626
2.58675
2.58724
2.58773
2.58822
2.58871
2.58920
2.58969
2.59018
2.59067
2.59116
2.59165
2.59214
2.59263
2.59312
2.59361
2.59410
2.59459
2.59508
2.59557
2.59606
2.59655
2.59704
2.59753
2.59802
2.59851
2.59900
2.59949
2.59998
2.60047
2.60096
2.60145
2.60194
2.60243
2.60292
2.60341
2.60390
2.60439
2.60488
2.60537
2.60586
2.60635
2.60684
2.60733
2.60782
2.60831
2.60880
2.60929
2.60978
2.61027
2.61076
2.61125
2.61174
2.61223
2.61272
2.61321
2.61370
2.61419
2.61468
2.61517
2.61566
2.61615
2.61664
2.61713
2.61762
2.61811
2.61860
2.61909
2.61958
2.62007
2.62056
2.62105
2.62154
2.62203
2.62252
2.62301
2.62350
2.62399
2.62448
2.62497
2.62546
2.62595
2.62644
2.62693
2.62742
2.62791
2.62840
2.62889
2.62938
2.62987
2.63036
2.63085
2.63134
2.63183
2.63232
2.63281
2.63330
2.63379
2.63428
2.63477
2.63526
2.63575
2.63624
2.63673
2.63722
2.63771
2.63820
2.63869
2.63918
2.63967
2.64016
2.64065
2.64114
2.64163
2.64212
2.64261
2.64310
2.64359
2.64408
2.64457
2.64506
2.64555
2.64604
2.64653
2.64702
2.64751
2.64800
2.64849
2.64898
2.64947
2.64996
2.65045
2.65094
2.65143
2.65192
2.65241
2.65290
2.65339
2.65388
2.65437
2.65486
2.65535
2.65584
2.65633
2.65682
2.65731
2.65780
2.65829
2.65878
2.65927
2.65976
2.66025
2.66074
2.66123
2.66172
2.66221
2.66270
2.66319
2.66368
2.66417
2.66466
2.66515
2.66564
2.66613
2.66662
2.66711
2.66760
2.66809
2.66858
2.66907
2.66956
2.67005
2.67054
2.67103
2.67152
2.67201
2.67250
2.67299
2.67348
2.67397
2.67446
2.67495
2.67544
2.67593
2.67642
2.67691
2.67740
2.67789
2.67838
2.67887
2.67936
2.67985
2.68034
2.68083
2.68132
2.68181
2.68230
2.68279
2.68328
2.68377
2.68426
2.68475
2.68524
2.68573
2.68622
2.68671
2.68720
2.68769
2.68818
2.68867
2.68916
2.68965
2.69014
2.69063
2.69112
2.69161
2.69210
2.69259
2.69308
2.69357
2.69406
2.69455
2.69504
2.69553
2.69602
2.69651
2.69700
2.69749
2.69798
2.69847
2.69896
2.69945
2.69994
2.70043
2.70092
2.70141
2.70190
2.70239
2.70288
2.70337
2.70386
2.70435
2.70484
2.70533
2.70582
2.70631
2.70680
2.70729
2.70778
2.70827
2.70876
2.70925
2.70974
2.71023
2.71072
2.71121
2.71170
2.71219
2.71268
2.71317
2.71366
2.71415
2.71464
2.71513
2.71562
2.71611
2.71660
2.71709
2.71758
2.71807
2.71856
2.71905
2.71954
2.72003
2.72052
2.72101
2.72150
2.72199
2.72248
2.72297
2.72346
2.72395
2.72444
2.72493
2.72542
2.72591
2.72640
2.72689
2.72738
2.72787
2.72836
2.72885
2.72934
2.72983
2.73032
2.73081
2.73130
2.73179
2.73228
2.73277
2.73326
2.73375
2.73424
2.73473
2.73522
2.73571
2.73620
2.73669
2.73718
2.73767
2.73816
2.73865
2.73914
2.73963
2.74012
2.74061
2.74110
2.74159
2.74208
2.74257
2.74306
2.74355
2.74404
2.74453
2.74502
2.74551
2.74600
2.74649
2.74698
2.74747
2.74796
2.74845
2.74894
2.74943
2.74992
2.75041
2.75090
2.75139
2.75188
2.75237
2.75286
2.75335
2.75384
2.75433
2.75482
2.75531
2.75580
2.75629
2.75678
2.75727
2.75776
2.75825
2.75874
2.75923
2.75972
2.76021
2.76070
2.76119
2.76168
2.76217
2.76266
2.76315
2.76364
2.76413
2.76462
2.76511
2.76560
2.76609
2.76658
2.76707
2.76756
2.76805
2.76854
2.76903
2.76952
2.77001
2.77050
2.77099
2.77148
2.77197
2.77246
2.77295
2.77344
2.77393
2.77442
2.77491
2.77540
2.77589
2.77638
2.77687
2.77736
2.77785
2.77834
2.77883
2.77932
2.77981
2.78030
2.78079
2.78128
2.78177
2.78226
2.78275
2.78324
2.78373
2.78422
2.78471
2.78520
2.78569
2.78618
2.78667
2.78716
2.78765
2.78814
2.78863
2.78912
2.78961
2.79010
2.79059
2.79108
2.79157
2.79206
2.79255
2.79304
2.79353
2.79402
2.79451
2.79500
2.79549
2.79598
2.79647
2.79696
2.79745
2.79794
2.79843
2.79892
2.79941
2.79990
2.80039
2.80088
2.80137
2.80186
2.80235
2.80284
2.80333
2.80382
2.80431
2.80480
2.80529
2.80578
2.80627
2.80676
2.80725
2.80774
2.80823
2.80872
2.80921
2.80970
2.81019
2.81068
2.81117
2.81166
2.81215
2.81264
2.81313
2.81362
2.81411
2.81460
2.81509
2.81558
2.81607
2.81656
2.81705
2.81754
2.81803
2.81852
2.81901
2.81950
2.81999
2.82048
2.82097
2.82146
2.82195
2.82244
2.82293
2.82342
2.82391
2.82440
2.82489
2.82538
2.82587
2.82636
2.82685
2.82734
2.82783
2.82832
2.82881
2.82930
2.82979
2.83028
2.83077
2.83126
2.83175
2.83224
2.83273
2.83322
2.83371
2.83420
2.83469
2.83518
2.83567
2.83616
2.83665
2.83714
2.83763
2.83812
2.83861
2.83910
2.83959
2.84008
2.84057
2.84106
2.84155
2.84204
2.84253
2.84302
2.84351
2.84400
2.84449
2.84498
2.84547
2.84596
2.84645
2.84694
2.84743
2.84792
2.84841
2.84890
2.84939
2.84988
2.85037
2.85086
2.85135
2.85184
2.85233
2.85282
2.85331
2.85380
2.85429
2.85478
2.85527
2.85576
2.85625
2.85674
2.85723
2.85772
2.85821
2.85870
2.85919
2.85968
2.86017
2.86066
2.86115
2.86164
2.86213
2.86262
2.86311
2.86360
2.86409
2.86458
2.86507
2.86556
2.86605
2.86654
2.86703
2.86752
2.86801
2.86850
2.86899
2.86948
2.86997
2.87046
2.87095
2.87144
2.87193
2.87242
2.87291
2.87340
2.87389
2.87438
2.87487
2.87536
2.87585
2.87634
2.87683
2.87732
2.87781
2.87830
2.87879
2.87928
2.87977
2.88026
2.88075
2.88124
2.88173
2.88222
2.88271
2.88320
2.88369
2.88418
2.88467
2.88516
2.88565
2.88614
2.88663
2.88712
2.88761
2.88810
2.88859
2.88908
2.88957
2.89006
2.89055
2.89104
2.89153
2.89202
2.89251
2.89300
2.89349
2.89398
2.89447
2.89496
2.89545
2.89594
2.89643
2.89692
2.89741
2.89790
2.89839
2.89888
2.89937
2.89986
2.90035
2.90084
2.90133
2.90182
2.90231
2.90280
2.90329
2.90378
2.90427
2.90476
2.90525
2.90574
2.90623
2.90672
2.90721
2.90770
2.90819
2.90868
2.90917
2.90966
2.91015
2.91064
2.91113
2.91162
2.91211
2.91260
2.91309
2.91358
2.91407
2.91456
2.91505
2.91554
2.91603
2.91652
2.91701
2.91750
2.91799
2.91848
2.91897
2.91946
2.91995
2.92044
2.92093
2.92142
2.92191
2.92240
2.92289
2.92338
2.92387
2.92436
2.92485
2.92534
2.92583
2.92632
2.92681
2.92730
2.92779
2.92828
2.92877
2.92926
2.92975
2.93024
2.93073
2.93122
2.93171
2.93220
2.93269
2.93318
2.93367
2.93416
2.93465
2.93514
2.93563
2.93612
2.93661
2.93710
2.93759
2.93808
2.93857
2.93906
2.93955
2.94004
2.94053
2.94102
2.94151
2.94200
2.94249
2.94298
2.94347
2.94396
2.94445
2.94494
2.94543
2.94592
2.94641
2.94690
2.94739
2.94788
2.94837
2.94886
2.94935
2.94984
2.95033
2.95082
2.95131
2.95180
2.95229
2.95278
2.95327
2.95376
2.95425
2.95474
2.95523
2.95572
2.95621
2.95670
2.95719
2.95768
2.95817
2.95866
2.95915
2.95964
2.96013
2.96062
2.96111
2.96160
2.96209
2.96258
2.96307
2.96356
2.96405
2.96454
2.96503
2.96552
2.96601
2.96650
2.96699
2.96748
2.96797
2.96846
2.96895
2.96944
2.96993
2.97042
2.97091
2.97140
2.97189
2.97238
2.97287
2.97336
2.97385
2.97434
2.97483
2.97532
2.97581
2.97630
2.97679
2.97728
2.97777
2.97826
2.97875
2.97924
2.97973
2.98022
2.98071
2.98120
2.98169
2.98218
2.98267
2.98316
2.98365
2.98414
2.98463
2.98512
2.98561
2.98610
2.98659
2.98708
2.98757
2.98806
2.98855
2.98904
2.98953
2.99002
2.99051
2.99100
2.99149
2.99198
2.99247
2.99296
2.99345
2.99394
2.99443
2.99492
2.99541
2.99590
2.99639
2.99688
2.99737
2.99786
2.99835
2.99884
2.99933
2.99982
3.00031
3.00080
3.00129
3.00178
3.00227
3.00276
3.00325
3.00374
3.00423
3.00472
3.00521
3.00570
3.00619
3.00668
3.00717
3.00766
3.00815
3.00864
3.00913
3.00962
3.01011
3.01060
3.01109
3.01158
3.01207
3.01256
3.01305
3.01354
3.01403
3.01452
3.01501
3.01550
3.01599
3.01648
3.01697
3.01746
3.01795
3.01844
3.01893
3.01942
3.01991
3.02040
3.02089
3.02138
3.02187
3.02236
3.02285
3.02334
3.02383
3.02432
3.02481
3.02530
3.02579
3.02628
3.02677
3.02726
3.02775
3.02824
3.02873
3.02922
3.02971
3.03020
3.03069
3.03118
3.03167
3.03216
3.03265
3.03314
3.03363
3.03412
3.03461
3.03510
3.03559
3.03608
3.03657
3.03706
3.03755
3.03804
3.03853
3.03902
3.03951
3.04000
3.04049
3.04098
3.04147
3.04196
3.04245
3.04294
3.04343
3.04392
3.04441
3.04490
3.04539
3.04588
3.04637
3.04686
3.04735
3.04784
3.04833
3.04882
3.04931
3.04980
3.05029
3.05078
3.05127
3.05176
3.05225
3.05274
3.05323
3.05372
3.05421
3.05470
3.05519
3.05568
3.05617
3.05666
3.05715
3.05764
3.05813
3.05862
3.05911
3.05960
3.06009
3.06058
3.06107
3.06156
3.06205
3.06254
3.06303
3.06352
3.06401
3.06450
3.06499
3.06548
3.06597
3.06646
3.06695
3.06744
3.06793
3.06842
3.06891
3.06940
3.06989
3.07038
3.07087
3.07136
3.07185
3.07234
3.07283
3.07332
3.07381
3.07430
3.07479
3.07528
3.07577
3.07626
3.07675
3.07724
3.07773
3.07822
3.07871
3.07920
3.07969
3.08018
3.08067
3.08116
3.08165
3.08214
3.08263
3.08312
3.08361
3.08410
3.08459
3.08508
3.08557
3.08606
3.08655
3.08704
3.08753
3.08802
3.08851
3.08900
3.08949
3.08998
3.09047
3.09096
3.09145
3.09194
3.09243
3.09292
3.09341
3.09390
3.09439
3.09488
3.09537
3.09586
3.09635
3.09684
3.09733
3.09782
3.09831
3.09880
3.09929
3.09978
3.10027
3.10076
3.10125
3.10174
3.10223
3.10272
3.10321
3.10370
3.10419
3.10468
3.10517
3.10566
3.10615
3.10664
3.10713
3.10762
3.10811
3.10860
3.10909
3.10958
3.11007
3.11056
3.11105
3.11154
3.11203
3.11252
3.11301
3.11350
3.11399
3.11448
3.11497
3.11546
3.11595
3.11644
3.11693
3.11742
3.11791
3.11840
3.11889
3.11938
3.11987
3.12036
3.12085
3.12134
3.12183
3.12232
3.12281
3.12330
3.12379
3.12428
3.12477
3.12526
3.12575
3.12624
3.12673
3.12722
3.12771
3.12820
3.12869
3.12918
3.12967
3.13016
3.13065
3.13114
3.13163
3.13212
3.13261
3.13310
3.13359
3.13408
3.13457
3.13506
3.13555
3.13604
3.13653
3.13702
3.13751
3.13800
3.13849
3.13898
3.13947
3.13996
3.14045
3.14094
3.14143
3.14192
3.14241
3.14290
3.14339
3.14388
3.14437
3.14486
3.14535
3.14584
3.14633
3.14682
3.14731
3.14780
3.14829
3.14878
3.14927
3.14976
3.15025
3.15074
3.15123
3.15172
3.15221
3.15270
3.15319
3.15368
3.15417
3.15466
3.15515
3.15564
3.15613
3.15662
3.15711
3.15760
3.15809
3.15858
3.15907
3.15956
3.16005
3.16054
3.16103
3.16152
3.16201
3.16250
3.16299
3.16348
3.16397
3.16446
3.16495
3.16544
3.16593
3.16642
3.16691
3.16740
3.16789
3.16838
3.16887
3.16936
3.16985
3.17034
3.17083
3.17132
3.17181
3.17230
3.17279
3.17328
3.17377
3.17426
3.17475
3.17524
3.17573
3.17622
3.17671
3.17720
3.17769
3.17818
3.17867
3.17916
3.17965
3.18014
3.18063
3.18112
3.18161
3.18210
3.18259
3.18308
3.18357
3.18406
3.18455
3.18504
3.18553
3.18602
3.18651
3.18700
3.18749
3.18798
3.18847
3.18896
3.18945
3.18994
3.19043
3.19092
3.19141
3.19190
3.19239
3.19288
3.19337
3.19386
3.19435
3.19484
3.19533
3.19582
3.19631
3.19680
3.19729
3.19778
3.19827
3.19876
3.19925
3.19974
3.20023
3.20072
3.20121
3.20170
3.20219
3.20268
3.20317
3.20366
3.20415
3.20464
3.20513
3.20562
3.20611
3.20660
3.20709
3.20758
3.20807
3.20856
3.20905
3.20954
3.21003
3.21052
3.21101
3.21150
3.21199
3.21248
3.21297
3.21346
3.21395
3.21444
3.21493
3.21542
3.21591
3.21640
3.21689
3.21738
3.21787
3.21836
3.21885
3.21934
3.21983
3.22032
3.22081
3.22130
3.22179
3.22228
3.22277
3.22326
3.22375
3.22424
3.22473
3.22522
3.22571
3.22620
3.22669
3.22718
3.22767
3.22816
3.22865
3.22914
3.22963
3.23012
3.23061
3.23110
3.23159
3.23208
3.23257
3.23306
3.23355
3.23404
3.23453
3.23502
3.23551
3.23600
3.23649
3.23698
3.23747
3.23796
3.23845
3.23894
3.23943
3.23992
3.24041
3.24090
3.24139
3.24188
3.24237
3.24286
3.24335
3.24384
3.24433
3.24482
3.24531
3.24580
3.24629
3.24678
3.24727
3.24776
3.24825
3.24874
3.24923
3.24972
3.25021
3.25070
3.25119
3.25168
3.25217
3.25266
3.25315
3.25364
3.25413
3.25462
3.25511
3.25560
3.25609
3.25658
3.25707
3.25756
3.25805
3.25854
3.25903
3.25952
3.26001
3.26050
3.26099
3.26148
3.26197
3.26246
3.26295
3.26344
3.26393
3.26442
3.26491
3.26540
3.26589
3.26638
3.26687
3.26736
3.26785
3.26834
3.26883
3.26932
3.26981
3.27030
3.27079
3.27128
3.27177
3.27226
3.27275
3.27324
3.27373
3.27422
3.27471
3.27520
3.27569
3.27618
3.27667
3.27716
3.27765
3.27814
3.27863
3.27912
3.27961
3.28010
3.28059
3.28108
3.28157
3.28206
3.28255
3.28304
3.28353
3.28402
3.28451
3.28500
3.28549
3.28598
3.28647
3.28696
3.28745
3.28794
3.28843
3.28892
3.28941
3.28990
3.29039
3.29088
3.29137
3.29186
3.29235
3.29284
3.29333
3.29382
3.29431
3.29480
3.29529
3.29578
3.29627
3.29676
3.29725
3.29774
3.29823
3.29872
3.29921
3.29970
3.30019
3.30068
3.30117
3.30166
3.30215
3.30264
3.30313
3.30362
3.30411
3.30460
3.30509
3.30558
3.30607
3.30656
3.30705
3.30754
3.30803
3.30852
3.30901
3.30950
3.30999
3.31048
3.31097
3.31146
3.31195
3.31244
3.31293
3.31342
3.31391
3.31440
3.31489
3.31538
3.31587
3.31636
3.31685
3.31734
3.31783
3.31832
3.31881
3.31930
3.31979
3.32028
3.32077
3.32126
3.32175
3.32224
3.32273
3.32322
3.32371
3.32420
3.32469
3.32518
3.32567
3.32616
3.32665
3.32714
3.32763
3.32812
3.32861
3.32910
3.32959
3.33008
3.33057
3.33106
3.33155
3.33204
3.33253
3.33302
3.33351
3.33400
3.33449
3.33498
3.33547
3.33596
3.33645
3.33694
3.33743
3.33792
3.33841
3.33890
3.33939
3.33988
3.34037
3.34086
3.34135
3.34184
3.34233
3.34282
3.34331
3.34380
3.34429
3.34478
3.34527
3.34576
3.34625
3.34674
3.34723
3.34772
3.34821
3.34870
3.34919
3.34968
3.35017
3.35066
3.35115
3.35164
3.35213
3.35262
3.35311
3.35360
3.35409
3.35458
3.35507
3.35556
3.35605
3.35654
3.35703
3.35752
3.35801
3.35850
3.35899
3.35948
3.35997
3.36046
3.36095
3.36144
3.36193
3.36242
3.36291
3.36340
3.36389
3.36438
3.36487
3.36536
3.36585
3.36634
3.36683
3.36732
3.36781
3.36830
3.36879
3.36928
3.36977
3.37026
3.37075
3.37124
3.37173
3.37222
3.37271
3.37320
3.37369
3.37418
3.37467
3.37516
3.37565
3.37614
3.37663
3.37712
3.37761
3.37810
3.37859
3.37908
3.37957
3.38006
3.38055
3.38104
3.38153
3.38202
3.38251
3.38300
3.38349
3.38398
3.38447
3.38496
3.38545
3.38594
3.38643
3.38692
3.38741
3.38790
3.38839
3.38888
3.38937
3.38986
3.39035
3.39084
3.39133
3.39182
3.39231
3.39280
3.39329
3.39378
3.39427
3.39476
3.39525
3.39574
3.39623
3.39672
3.39721
3.39770
3.39819
3.39868
3.39917
3.39966
3.40015
3.40064
3.40113
3.40162
3.40211
3.40260
3.40309
3.40358
3.40407
3.40456
3.40505
3.40554
3.40603
3.40652
3.40701
3.40750
3.40799
3.40848
3.40897
3.40946
3.40995
3.41044
3.41093
3.41142
3.41191
3.41240
3.41289
3.41338
3.41387
3.41436
3.41485
3.41534
3.41583
3.41632
3.41681
3.41730
3.41779
3.41828
3.41877
3.41926
3.41975
3.42024
3.42073
3.42122
3.42171
3.42220
3.42269
3.42318
3.42367
3.42416
3.42465
3.42514
3.42563
3.42612
3.42661
3.42710
3.42759
3.42808
3.42857
3.42906
3.42955
3.43004
3.43053
3.43102
3.43151
3.43200
3.43249
3.43298
3.43347
3.43396
3.43445
3.43494
3.43543
3.43592
3.43641
3.43690
3.43739
3.43788
3.43837
3.43886
3.43935
3.43984
3.44033
3.44082
3.44131
3.44180
3.44229
3.44278
3.44327
3.44376
3.44425
3.44474
3.44523
3.44572
3.44621
3.44670
3.44719
3.44768
3.44817
3.44866
3.44915
3.44964
3.45013
3.45062
3.45111
3.45160
3.45209
3.45258
3.45307
3.45356
3.45405
3.45454
3.45503
3.45552
3.45601
3.45650
3.45699
3.45748
3.45797
3.45846
3.45895
3.45944
3.45993
3.46042
3.46091
3.46140
3.46189
3.46238
3.46287
3.46336
3.46385
3.46434
3.46483
3.46532
3.46581
3.46630
3.46679
3.46728
3.46777
3.46826
3.46875
3.46924
3.46973
3.47022
3.47071
3.47120
3.47169
3.47218
3.47267
3.47316
3.47365
3.47414
3.47463
3.47512
3.47561
3.47610
3.47659
3.47708
3.47757
3.47806
3.47855
3.47904
3.47953
3.48002
3.48051
3.48100
3.48149
3.48198
3.48247
3.48296
3.48345
3.48394
3.48443
3.48492
3.48541
3.48590
3.48639
3.48688
3.48737
3.48786
3.48835
3.48884
3.48933
3.48982
3.49031
3.49080
3.49129
3.49178
3.49227
3.49276
3.49325
3.49374
3.49423
3.49472
3.49521
3.49570
3.49619
3.49668
3.49717
3.49766
3.49815
3.49864
3.49913
3.49962
3.50011
3.50060
3.50109
3.50158
3.50207
3.50256
3.50305
3.50354
3.50403
3.50452
3.50501
3.50550
3.50599
3.50648
3.50697
3.50746
3.50795
3.50844
3.50893
3.50942
3.50991
3.51040
3.51089
3.51138
3.51187
3.51236
3.51285
3.51334
3.51383
3.51432
3.51481
3.51530
3.51579
3.51628
3.51677
3.51726
3.51775
3.51824
3.51873
3.51922
3.51971
3.52020
3.52069
3.52118
3.52167
3.52216
3.52265
3.52314
3.52363
3.52412
3.52461
3.52510
3.52559
3.52608
3.52657
3.52706
3.52755
3.52804
3.52853
3.52902
3.52951
3.53000
3.53049
3.53098
3.53147
3.53196
3.53245
3.53294
3.53343
3.53392
3.53441
3.53490
3.53539
3.53588
3.53637
3.53686
3.53735
3.53784
3.53833
3.53882
3.53931
3.53980
3.54029
3.54078
3.54127
3.54176
3.54225
3.54274
3.54323
3.54372
3.54421
3.54470
3.54519
3.54568
3.54617
3.54666
3.54715
3.54764
3.54813
3.54862
3.54911
3.54960
3.55009
3.55058
3.55107
3.55156
3.55205
3.55254
3.55303
3.55352
3.55401
3.55450
3.55499
3.55548
3.55597
3.55646
3.55695
3.55744
3.55793
3.55842
3.55891
3.55940
3.55989
3.56038
3.56087
3.56136
3.56185
3.56234
3.56283
3.56332
3.56381
3.56430
3.56479
3.56528
3.56577
3.56626
3.56675
3.56724
3.56773
3.56822
3.56871
3.56920
3.56969
3.57018
3.57067
3.57116
3.57165
3.57214
3.57263
3.57312
3.57361
3.57410
3.57459
3.57508
3.57557
3.57606
3.57655
3.57704
3.57753
3.57802
3.57851
3.57900
3.57949
3.57998
3.58047
3.58096
3.58145
3.58194
3.58243
3.58292
3.58341
3.58390
3.58439
3.58488
3.58537
3.58586
3.58635
3.58684
3.58733
3.58782
3.58831
3.58880
3.58929
3.58978
3.59027
3.59076
3.59125
3.59174
3.59223
3.59272
3.59321
3.59370
3.59419
3.59468
3.59517
3.59566
3.59615
3.59664
3.59713
3.59762
3.59811
3.59860
3.59909
3.59958
3.60007
3.60056
3.60105
3.60154
3.60203
3.60252
3.60301
3.60350
3.60399
3.60448
3.60497
3.60546
3.60595
3.60644
3.60693
3.60742
3.60791
3.60840
3.60889
3.60938
3.60987
3.61036
3.61085
3.61134
3.61183
3.61232
3.61281
3.61330
3.61379
3.61428
3.61477
3.61526
3.61575
3.61624
3.61673
3.61722
3.61771
3.61820
3.61869
3.61918
3.61967
3.62016
3.62065
3.62114
3.62163
3.62212
3.62261
3.62310
3.62359
3.62408
3.62457
3.62506
3.62555
3.62604
3.62653
3.62702
3.62751
3.62800
3.62849
3.62898
3.62947
3.62996
3.63045
3.63094
3.63143
3.63192
3.63241
3.63290
3.63339
3.63388
3.63437
3.63486
3.63535
3.63584
3.63633
3.63682
3.63731
3.63780
3.63829
3.63878
3.63927
3.63976
3.64025
3.64074
3.64123
3.64172
3.64221
3.64270
3.64319
3.64368
3.64417
3.64466
3.64515
3.64564
3.64613
3.64662
3.64711
3.64760
3.64809
3.64858
3.64907
3.64956
3.65005
3.65054
3.65103
3.65152
3.65201
3.65250
3.65299
3.65348
3.65397
3.65446
3.65495
3.65544
3.65593
3.65642
3.65691
3.65740
3.65789
3.65838
3.65887
3.65936
3.65985
3.66034
3.66083
3.66132
3.66181
3.66230
3.66279
3.66328
3.66377
3.66426
3.66475
3.66524
3.66573
3.66622
3.66671
3.66720
3.66769
3.66818
3.66867
3.66916
3.66965
3.67014
3.67063
3.67112
3.67161
3.67210
3.67259
3.67308
3.67357
3.67406
3.67455
3.67504
3.67553
3.67602
3.67651
3.67700
3.67749
3.67798
3.67847
3.67896
3.67945
3.67994
3.68043
3.68092
3.68141
3.68190
3.68239
3.68288
3.68337
3.68386
3.68435
3.68484
3.68533
3.68582
3.68631
3.68680
3.68729
3.68778
3.68827
3.68876
3.68925
3.68974
3.69023
3.69072
3.69121
3.69170
3.69219
3.69268
3.69317
3.69366
3.69415
3.69464
3.69513
3.69562
3.69611
3.69660
3.69709
3.69758
3.69807
3.69856
3.69905
3.69954
3.70003
3.70052
3.70101
3.70150
3.70199
3.70248
3.70297
3.70346
3.70395
3.70444
3.70493
3.70542
3.70591
3.70640
3.70689
3.70738
3.70787
3.70836
3.70885
3.70934
3.70983
3.71032
3.71081
3.71130
3.71179
3.71228
3.71277
3.71326
3.71375
3.71424
3.71473
3.71522
3.71571
3.71620
3.71669
3.71718
3.71767
3.71816
3.71865
3.71914
3.71963
3.72012
3.72061
3.72110
3.72159
3.72208
3.72257
3.72306
3.72355
3.72404
3.72453
3.72502
3.72551
3.72600
3.72649
3.72698
3.72747
3.72796
3.72845
3.72894
3.72943
3.72992
3.73041
3.73090
3.73139
3.73188
3.73237
3.73286
3.73335
3.73384
3.73433
3.73482
3.73531
3.73580
3.73629
3.73678
3.73727
3.73776
3.73825
3.73874
3.73923
3.73972
3.74021
3.74070
3.74119
3.74168
3.74217
3.74266
3.74315
3.74364
3.74413
3.74462
3.74511
3.74560
3.74609
3.74658
3.74707
3.74756
3.74805
3.74854
3.74903
3.74952
3.75001
3.75050
3.75099
3.75148
3.75197
3.75246
3.75295
3.75344
3.75393
3.75442
3.75491
3.75540
3.75589
3.75638
3.75687
3.75736
3.75785
3.75834
3.75883
3.75932
3.75981
3.76030
3.76079
3.76128
3.76177
3.76226
3.76275
3.76324
3.76373
3.76422
3.76471
3.76520
3.76569
3.76618
3.76667
3.76716
3.76765
3.76814
3.76863
3.76912
3.76961
3.77010
3.77059
3.77108
3.77157
3.77206
3.77255
3.77304
3.77353
3.77402
3.77451
3.77500
3.77549
3.77598
3.77647
3.77696
3.77745
3.77794
3.77843
3.77892
3.77941
3.77990
3.78039
3.78088
3.78137
3.78186
3.78235
3.78284
3.78333
3.78382
3.78431
3.78480
3.78529
3.78578
3.78627
3.78676
3.78725
3.78774
3.78823
3.78872
3.78921
3.78970
3.79019
3.79068
3.79117
3.79166
3.79215
3.79264
3.79313
3.79362
3.79411
3.79460
3.79509
3.79558
3.79607
3.79656
3.79705
3.79754
3.79803
3.79852
3.79901
3.79950
3.79999
3.80048
3.80097
3.80146
3.80195
3.80244
3.80293
3.80342
3.80391
3.80440
3.80489
3.80538
3.80587
3.80636
3.80685
3.80734
3.80783
3.80832
3.80881
3.80930
3.80979
3.81028
3.81077
3.81126
3.81175
3.81224
3.81273
3.81322
3.81371
3.81420
3.81469
3.81518
3.81567
3.81616
3.81665
3.81714
3.81763
3.81812
3.81861
3.81910
3.81959
3.82008
3.82057
3.82106
3.82155
3.82204
3.82253
3.82302
3.82351
3.82400
3.82449
3.82498
3.82547
3.82596
3.82645
3.82694
3.82743
3.82792
3.82841
3.82890
3.82939
3.82988
3.83037
3.83086
3.83135
3.83184
3.83233
3.83282
3.83331
3.83380
3.83429
3.83478
3.83527
3.83576
3.83625
3.83674
3.83723
3.83772
3.83821
3.83870
3.83919
3.83968
3.84017
3.84066
3.84115
3.84164
3.84213
3.84262
3.84311
3.84360
3.84409
3.84458
3.84507
3.84556
3.84605
3.84654
3.84703
3.84752
3.84801
3.84850
3.84899
3.84948
3.84997
3.85046
3.85095
3.85144
3.85193
3.85242
3.85291
3.85340
3.85389
3.85438
3.85487
3.85536
3.85585
3.85634
3.85683
3.85732
3.85781
3.85830
3.85879
3.85928
3.85977
3.86026
3.86075
3.86124
3.86173
3.86222
3.86271
3.86320
3.86369
3.86418
3.86467
3.86516
3.86565
3.86614
3.86663
3.86712
3.86761
3.86810
3.86859
3.86908
3.86957
3.87006
3.87055
3.87104
3.87153
3.87202
3.87251
3.87300
3.87349
3.87398
3.87447
3.87496
3.87545
3.87594
3.87643
3.87692
3.87741
3.87790
3.87839
3.87888
3.87937
3.87986
3.88035
3.88084
3.88133
3.88182
3.88231
3.88280
3.88329
3.88378
3.88427
3.88476
3.88525
3.88574
3.88623
3.88672
3.88721
3.88770
3.88819
3.88868
3.88917
3.88966
3.89015
3.89064
3.89113
3.89162
3.89211
3.89260
3.89309
3.89358
3.89407
3.89456
3.89505
3.89554
3.89603
3.89652
3.89701
3.89750
3.89799
3.89848
3.89897
3.89946
3.89995
3.90044
3.90093
3.90142
3.90191
3.90240
3.90289
3.90338
3.90387
3.90436
3.90485
3.90534
3.90583
3.90632
3.90681
3.90730
3.90779
3.90828
3.90877
3.90926
3.90975
3.91024
3.91073
3.91122
3.91171
3.91220
3.91269
3.91318
3.91367
3.91416
3.91465
3.91514
3.91563
3.91612
3.91661
3.91710
3.91759
3.91808
3.91857
3.91906
3.91955
3.92004
3.92053
3.92102
3.92151
3.92200
3.92249
3.92298
3.92347
3.92396
3.92445
3.92494
3.92543
3.92592
3.92641
3.92690
3.92739
3.92788
3.92837
3.92886
3.92935
3.92984
3.93033
3.93082
3.93131
3.93180
3.93229
3.93278
3.93327
3.93376
3.93425
3.93474
3.93523
3.93572
3.93621
3.93670
3.93719
3.93768
3.93817
3.93866
3.93915
3.93964
3.94013
3.94062
3.94111
3.94160
3.94209
3.94258
3.94307
3.94356
3.94405
3.94454
3.94503
3.94552
3.94601
3.94650
3.94699
3.94748
3.94797
3.94846
3.94895
3.94944
3.94993
3.95042
3.95091
3.95140
3.95189
3.95238
3.95287
3.95336
3.95385
3.95434
3.95483
3.95532
3.95581
3.95630
3.95679
3.95728
3.95777
3.95826
3.95875
3.95924
3.95973
3.96022
3.96071
3.96120
3.96169
3.96218
3.96267
3.96316
3.96365
3.96414
3.96463
3.96512
3.96561
3.96610
3.96659
3.96708
3.96757
3.96806
3.96855
3.96904
3.96953
3.97002
3.97051
3.97100
3.97149
3.97198
3.97247
3.97296
3.97345
3.97394
3.97443
3.97492
3.97541
3.97590
3.97639
3.97688
3.97737
3.97786
3.97835
3.97884
3.97933
3.97982
3.98031
3.98080
3.98129
3.98178
3.98227
3.98276
3.98325
3.98374
3.98423
3.98472
3.98521
3.98570
3.98619
3.98668
3.98717
3.98766
3.98815
3.98864
3.98913
3.98962
3.99011
3.99060
3.99109
3.99158
3.99207
3.99256
3.99305
3.99354
3.99403
3.99452
3.99501
3.99550
3.99599
3.99648
3.99697
3.99746
3.99795
3.99844
3.99893
3.99942
3.99991
4.00040
4.00089
4.00138
4.00187
4.00236
4.00285
4.00334
4.00383
4.00432
4.00481
4.00530
4.00579
4.00628
4.00677
4.00726
4.00775
4.00824
4.00873
4.00922
4.00971
4.01020
4.01069
4.01118
4.01167
4.01216
4.01265
4.01314
4.01363
4.01412
4.01461
4.01510
4.01559
4.01608
4.01657
4.01706
4.01755
4.01804
4.01853
4.01902
4.01951
4.02000
4.02049
4.02098
4.02147
4.02196
4.02245
4.02294
4.02343
4.02392
4.02441
4.02490
4.02539
4.02588
4.02637
4.02686
4.02735
4.02784
4.02833
4.02882
4.02931
4.02980
4.03029
4.03078
4.03127
4.03176
4.03225
4.03274
4.03323
4.03372
4.03421
4.03470
4.03519
4.03568
4.03617
4.03666
4.03715
4.03764
4.03813
4.03862
4.03911
4.03960
4.04009
4.04058
4.04107
4.04156
4.04205
4.04254
4.04303
4.04352
4.04401
4.04450
4.04499
4.04548
4.04597
4.04646
4.04695
4.04744
4.04793
4.04842
4.04891
4.04940
4.04989
4.05038
4.05087
4.05136
4.05185
4.05234
4.05283
4.05332
4.05381
4.05430
4.05479
4.05528
4.05577
4.05626
4.05675
4.05724
4.05773
4.05822
4.05871
4.05920
4.05969
4.06018
4.06067
4.06116
4.06165
4.06214
4.06263
4.06312
4.06361
4.06410
4.06459
4.06508
4.06557
4.06606
4.06655
4.06704
4.06753
4.06802
4.06851
4.06900
4.06949
4.06998
4.07047
4.07096
4.07145
4.07194
4.07243
4.07292
4.07341
4.07390
4.07439
4.07488
4.07537
4.07586
4.07635
4.07684
4.07733
4.07782
4.07831
4.07880
4.07929
4.07978
4.08027
4.08076
4.08125
4.08174
4.08223
4.08272
4.08321
4.08370
4.08419
4.08468
4.08517
4.08566
4.08615
4.08664
4.08713
4.08762
4.08811
4.08860
4.08909
4.08958
4.09007
4.09056
4.09105
4.09154
4.09203
4.09252
4.09301
4.09350
4.09399
4.09448
4.09497
4.09546
4.09595
4.09644
4.09693
4.09742
4.09791
4.09840
4.09889
4.09938
4.09987
4.10036
4.10085
4.10134
4.10183
4.10232
4.10281
4.10330
4.10379
4.10428
4.10477
4.10526
4.10575
4.10624
4.10673
4.10722
4.10771
4.10820
4.10869
4.10918
4.10967
4.11016
4.11065
4.11114
4.11163
4.11212
4.11261
4.11310
4.11359
4.11408
4.11457
4.11506
4.11555
4.11604
4.11653
4.11702
4.11751
4.11800
4.11849
4.11898
4.11947
4.11996
4.12045
4.12094
4.12143
4.12192
4.12241
4.12290
4.12339
4.12388
4.12437
4.12486
4.12535
4.12584
4.12633
4.12682
4.12731
4.12780
4.12829
4.12878
4.12927
4.12976
4.13025
4.13074
4.13123
4.13172
4.13221
4.13270
4.13319
4.13368
4.13417
4.13466
4.13515
4.13564
4.13613
4.13662
4.13711
4.13760
4.13809
4.13858
4.13907
4.13956
4.14005
4.14054
4.14103
4.14152
4.14201
4.14250
4.14299
4.14348
4.14397
4.14446
4.14495
4.14544
4.14593
4.14642
4.14691
4.14740
4.14789
4.14838
4.14887
4.14936
4.14985
4.15034
4.15083
4.15132
4.15181
4.15230
4.15279
4.15328
4.15377
4.15426
4.15475
4.15524
4.15573
4.15622
4.15671
4.15720
4.15769
4.15818
4.15867
4.15916
4.15965
4.16014
4.16063
4.16112
4.16161
4.16210
4.16259
4.16308
4.16357
4.16406
4.16455
4.16504
4.16553
4.16602
4.16651
4.16700
4.16749
4.16798
4.16847
4.16896
4.16945
4.16994
4.17043
4.17092
4.17141
4.17190
4.17239
4.17288
4.17337
4.17386
4.17435
4.17484
4.17533
4.17582
4.17631
4.17680
4.17729
4.17778
4.17827
4.17876
4.17925
4.17974
4.18023
4.18072
4.18121
4.18170
4.18219
4.18268
4.18317
4.18366
4.18415
4.18464
4.18513
4.18562
4.18611
4.18660
4.18709
4.18758
4.18807
4.18856
4.18905
4.18954
4.19003
4.19052
4.19101
4.19150
4.19199
4.19248
4.19297
4.19346
4.19395
4.19444
4.19493
4.19542
4.19591
4.19640
4.19689
4.19738
4.19787
4.19836
4.19885
4.19934
4.19983
4.20032
4.20081
4.20130
4.20179
4.20228
4.20277
4.20326
4.20375
4.20424
4.20473
4.20522
4.20571
4.20620
4.20669
4.20718
4.20767
4.20816
4.20865
4.20914
4.20963
4.21012
4.21061
4.21110
4.21159
4.21208
4.21257
4.21306
4.21355
4.21404
4.21453
4.21502
4.21551
4.21600
4.21649
4.21698
4.21747
4.21796
4.21845
4.21894
4.21943
4.21992
4.22041
4.22090
4.22139
4.22188
4.22237
4.22286
4.22335
4.22384
4.22433
4.22482
4.22531
4.22580
4.22629
4.22678
4.22727
4.22776
4.22825
4.22874
4.22923
4.22972
4.23021
4.23070
4.23119
4.23168
4.23217
4.23266
4.23315
4.23364
4.23413
4.23462
4.23511
4.23560
4.23609
4.23658
4.23707
4.23756
4.23805
4.23854
4.23903
4.23952
4.24001
4.24050
4.24099
4.24148
4.24197
4.24246
4.24295
4.24344
4.24393
4.24442
4.24491
4.24540
4.24589
4.24638
4.24687
4.24736
4.24785
4.24834
4.24883
4.24932
4.24981
4.25030
4.25079
4.25128
4.25177
4.25226
4.25275
4.25324
4.25373
4.25422
4.25471
4.25520
4.25569
4.25618
4.25667
4.25716
4.25765
4.25814
4.25863
4.25912
4.25961
4.26010
4.26059
4.26108
4.26157
4.26206
4.26255
4.26304
4.26353
4.26402
4.26451
4.26500
4.26549
4.26598
4.26647
4.26696
4.26745
4.26794
4.26843
4.26892
4.26941
4.26990
4.27039
4.27088
4.27137
4.27186
4.27235
4.27284
4.27333
4.27382
4.27431
4.27480
4.27529
4.27578
4.27627
4.27676
4.27725
4.27774
4.27823
4.27872
4.27921
4.27970
4.28019
4.28068
4.28117
4.28166
4.28215
4.28264
4.28313
4.28362
4.28411
4.28460
4.28509
4.28558
4.28607
4.28656
4.28705
4.28754
4.28803
4.28852
4.28901
4.28950
4.28999
4.29048
4.29097
4.29146
4.29195
4.29244
4.29293
4.29342
4.29391
4.29440
4.29489
4.29538
4.29587
4.29636
4.29685
4.29734
4.29783
4.29832
4.29881
4.29930
4.29979
4.30028
4.30077
4.30126
4.30175
4.30224
4.30273
4.30322
4.30371
4.30420
4.30469
4.30518
4.30567
4.30616
4.30665
4.30714
4.30763
4.30812
4.30861
4.30910
4.30959
4.31008
4.31057
4.31106
4.31155
4.31204
4.31253
4.31302
4.31351
4.31400
4.31449
4.31498
4.31547
4.31596
4.31645
4.31694
4.31743
4.31792
4.31841
4.31890
4.31939
4.31988
4.32037
4.32086
4.32135
4.32184
4.32233
4.32282
4.32331
4.32380
4.32429
4.32478
4.32527
4.32576
4.32625
4.32674
4.32723
4.32772
4.32821
4.32870
4.32919
4.32968
4.33017
4.33066
4.33115
4.33164
4.33213
4.33262
4.33311
4.33360
4.33409
4.33458
4.33507
4.33556
4.33605
4.33654
4.33703
4.33752
4.33801
4.33850
4.33899
4.33948
4.33997
4.34046
4.34095
4.34144
4.34193
4.34242
4.34291
4.34340
4.34389
4.34438
4.34487
4.34536
4.34585
4.34634
4.34683
4.34732
4.34781
4.34830
4.34879
4.34928
4.34977
4.35026
4.35075
4.35124
4.35173
4.35222
4.35271
4.35320
4.35369
4.35418
4.35467
4.35516
4.35565
4.35614
4.35663
4.35712
4.35761
4.35810
4.35859
4.35908
4.35957
4.36006
4.36055
4.36104
4.36153
4.36202
4.36251
4.36300
4.36349
4.36398
4.36447
4.36496
4.36545
4.36594
4.36643
4.36692
4.36741
4.36790
4.36839
4.36888
4.36937
4.36986
4.37035
4.37084
4.37133
4.37182
4.37231
4.37280
4.37329
4.37378
4.37427
4.37476
4.37525
4.37574
4.37623
4.37672
4.37721
4.37770
4.37819
4.37868
4.37917
4.37966
4.38015
4.38064
4.38113
4.38162
4.38211
4.38260
4.38309
4.38358
4.38407
4.38456
4.38505
4.38554
4.38603
4.38652
4.38701
4.38750
4.38799
4.38848
4.38897
4.38946
4.38995
4.39044
4.39093
4.39142
4.39191
4.39240
4.39289
4.39338
4.39387
4.39436
4.39485
4.39534
4.39583
4.39632
4.39681
4.39730
4.39779
4.39828
4.39877
4.39926
4.39975
4.40024
4.40073
4.40122
4.40171
4.40220
4.40269
4.40318
4.40367
4.40416
4.40465
4.40514
4.40563
4.40612
4.40661
4.40710
4.40759
4.40808
4.40857
4.40906
4.40955
4.41004
4.41053
4.41102
4.41151
4.41200
4.41249
4.41298
4.41347
4.41396
4.41445
4.41494
4.41543
4.41592
4.41641
4.41690
4.41739
4.41788
4.41837
4.41886
4.41935
4.41984
4.42033
4.42082
4.42131
4.42180
4.42229
4.42278
4.42327
4.42376
4.42425
4.42474
4.42523
4.42572
4.42621
4.42670
4.42719
4.42768
4.42817
4.42866
4.42915
4.42964
4.43013
4.43062
4.43111
4.43160
4.43209
4.43258
4.43307
4.43356
4.43405
4.43454
4.43503
4.43552
4.43601
4.43650
4.43699
4.43748
4.43797
4.43846
4.43895
4.43944
4.43993
4.44042
4.44091
4.44140
4.44189
4.44238
4.44287
4.44336
4.44385
4.44434
4.44483
4.44532
4.44581
4.44630
4.44679
4.44728
4.44777
4.44826
4.44875
4.44924
4.44973
4.45022
4.45071
4.45120
4.45169
4.45218
4.45267
4.45316
4.45365
4.45414
4.45463
4.45512
4.45561
4.45610
4.45659
4.45708
4.45757
4.45806
4.45855
4.45904
4.45953
4.46002
4.46051
4.46100
4.46149
4.46198
4.46247
4.46296
4.46345
4.46394
4.46443
4.46492
4.46541
4.46590
4.46639
4.46688
4.46737
4.46786
4.46835
4.46884
4.46933
4.46982
4.47031
4.47080
4.47129
4.47178
4.47227
4.47276
4.47325
4.47374
4.47423
4.47472
4.47521
4.47570
4.47619
4.47668
4.47717
4.47766
4.47815
4.47864
4.47913
4.47962
4.48011
4.48060
4.48109
4.48158
4.48207
4.48256
4.48305
4.48354
4.48403
4.48452
4.48501
4.48550
4.48599
4.48648
4.48697
4.48746
4.48795
4.48844
4.48893
4.48942
4.48991
4.49040
4.49089
4.49138
4.49187
4.49236
4.49285
4.49334
4.49383
4.49432
4.49481
4.49530
4.49579
4.49628
4.49677
4.49726
4.49775
4.49824
4.49873
4.49922
4.49971
4.50020
4.50069
4.50118
4.50167
4.50216
4.50265
4.50314
4.50363
4.50412
4.50461
4.50510
4.50559
4.50608
4.50657
4.50706
4.50755
4.50804
4.50853
4.50902
4.50951
4.51000
4.51049
4.51098
4.51147
4.51196
4.51245
4.51294
4.51343
4.51392
4.51441
4.51490
4.51539
4.51588
4.51637
4.51686
4.51735
4.51784
4.51833
4.51882
4.51931
4.51980
4.52029
4.52078
4.52127
4.52176
4.52225
4.52274
4.52323
4.52372
4.52421
4.52470
4.52519
4.52568
4.52617
4.52666
4.52715
4.52764
4.52813
4.52862
4.52911
4.52960
4.53009
4.53058
4.53107
4.53156
4.53205
4.53254
4.53303
4.53352
4.53401
4.53450
4.53499
4.53548
4.53597
4.53646
4.53695
4.53744
4.53793
4.53842
4.53891
4.53940
4.53989
4.54038
4.54087
4.54136
4.54185
4.54234
4.54283
4.54332
4.54381
4.54430
4.54479
4.54528
4.54577
4.54626
4.54675
4.54724
4.54773
4.54822
4.54871
4.54920
4.54969
4.55018
4.55067
4.55116
4.55165
4.55214
4.55263
4.55312
4.55361
4.55410
4.55459
4.55508
4.55557
4.55606
4.55655
4.55704
4.55753
4.55802
4.55851
4.55900
4.55949
4.55998
4.56047
4.56096
4.56145
4.56194
4.56243
4.56292
4.56341
4.56390
4.56439
4.56488
4.56537
4.56586
4.56635
4.56684
4.56733
4.56782
4.56831
4.56880
4.56929
4.56978
4.57027
4.57076
4.57125
4.57174
4.57223
4.57272
4.57321
4.57370
4.57419
4.57468
4.57517
4.57566
4.57615
4.57664
4.57713
4.57762
4.57811
4.57860
4.57909
4.57958
4.58007
4.58056
4.58105
4.58154
4.58203
4.58252
4.58301
4.58350
4.58399
4.58448
4.58497
4.58546
4.58595
4.58644
4.58693
4.58742
4.58791
4.58840
4.58889
4.58938
4.58987
4.59036
4.59085
4.59134
4.59183
4.59232
4.59281
4.59330
4.59379
4.59428
4.59477
4.59526
4.59575
4.59624
4.59673
4.59722
4.59771
4.59820
4.59869
4.59918
4.59967
4.60016
4.60065
4.60114
4.60163
4.60212
4.60261
4.60310
4.60359
4.60408
4.60457
4.60506
4.60555
4.60604
4.60653
4.60702
4.60751
4.60800
4.60849
4.60898
4.60947
4.60996
4.61045
4.61094
4.61143
4.61192
4.61241
4.61290
4.61339
4.61388
4.61437
4.61486
4.61535
4.61584
4.61633
4.61682
4.61731
4.61780
4.61829
4.61878
4.61927
4.61976
4.62025
4.62074
4.62123
4.62172
4.62221
4.62270
4.62319
4.62368
4.62417
4.62466
4.62515
4.62564
4.62613
4.62662
4.62711
4.62760
4.62809
4.62858
4.62907
4.62956
4.63005
4.63054
4.63103
4.63152
4.63201
4.63250
4.63299
4.63348
4.63397
4.63446
4.63495
4.63544
4.63593
4.63642
4.63691
4.63740
4.63789
4.63838
4.63887
4.63936
4.63985
4.64034
4.64083
4.64132
4.64181
4.64230
4.64279
4.64328
4.64377
4.64426
4.64475
4.64524
4.64573
4.64622
4.64671
4.64720
4.64769
4.64818
4.64867
4.64916
4.64965
4.65014
4.65063
4.65112
4.65161
4.65210
4.65259
4.65308
4.65357
4.65406
4.65455
4.65504
4.65553
4.65602
4.65651
4.65700
4.65749
4.65798
4.65847
4.65896
4.65945
4.65994
4.66043
4.66092
4.66141
4.66190
4.66239
4.66288
4.66337
4.66386
4.66435
4.66484
4.66533
4.66582
4.66631
4.66680
4.66729
4.66778
4.66827
4.66876
4.66925
4.66974
4.67023
4.67072
4.67121
4.67170
4.67219
4.67268
4.67317
4.67366
4.67415
4.67464
4.67513
4.67562
4.67611
4.67660
4.67709
4.67758
4.67807
4.67856
4.67905
4.67954
4.68003
4.68052
4.68101
4.68150
4.68199
4.68248
4.68297
4.68346
4.68395
4.68444
4.68493
4.68542
4.68591
4.68640
4.68689
4.68738
4.68787
4.68836
4.68885
4.68934
4.68983
4.69032
4.69081
4.69130
4.69179
4.69228
4.69277
4.69326
4.69375
4.69424
4.69473
4.69522
4.69571
4.69620
4.69669
4.69718
4.69767
4.69816
4.69865
4.69914
4.69963
4.70012
4.70061
4.70110
4.70159
4.70208
4.70257
4.70306
4.70355
4.70404
4.70453
4.70502
4.70551
4.70600
4.70649
4.70698
4.70747
4.70796
4.70845
4.70894
4.70943
4.70992
4.71041
4.71090
4.71139
4.71188
4.71237
4.71286
4.71335
4.71384
4.71433
4.71482
4.71531
4.71580
4.71629
4.71678
4.71727
4.71776
4.71825
4.71874
4.71923
4.71972
4.72021
4.72070
4.72119
4.72168
4.72217
4.72266
4.72315
4.72364
4.72413
4.72462
4.72511
4.72560
4.72609
4.72658
4.72707
4.72756
4.72805
4.72854
4.72903
4.72952
4.73001
4.73050
4.73099
4.73148
4.73197
4.73246
4.73295
4.73344
4.73393
4.73442
4.73491
4.73540
4.73589
4.73638
4.73687
4.73736
4.73785
4.73834
4.73883
4.73932
4.73981
4.74030
4.74079
4.74128
4.74177
4.74226
4.74275
4.74324
4.74373
4.74422
4.74471
4.74520
4.74569
4.74618
4.74667
4.74716
4.74765
4.74814
4.74863
4.74912
4.74961
4.75010
4.75059
4.75108
4.75157
4.75206
4.75255
4.75304
4.75353
4.75402
4.75451
4.75500
4.75549
4.75598
4.75647
4.75696
4.75745
4.75794
4.75843
4.75892
4.75941
4.75990
4.76039
4.76088
4.76137
4.76186
4.76235
4.76284
4.76333
4.76382
4.76431
4.76480
4.76529
4.76578
4.76627
4.76676
4.76725
4.76774
4.76823
4.76872
4.76921
4.76970
4.77019
4.77068
4.77117
4.77166
4.77215
4.77264
4.77313
4.77362
4.77411
4.77460
4.77509
4.77558
4.77607
4.77656
4.77705
4.77754
4.77803
4.77852
4.77901
4.77950
4.77999
4.78048
4.78097
4.78146
4.78195
4.78244
4.78293
4.78342
4.78391
4.78440
4.78489
4.78538
4.78587
4.78636
4.78685
4.78734
4.78783
4.78832
4.78881
4.78930
4.78979
4.79028
4.79077
4.79126
4.79175
4.79224
4.79273
4.79322
4.79371
4.79420
4.79469
4.79518
4.79567
4.79616
4.79665
4.79714
4.79763
4.79812
4.79861
4.79910
4.79959
4.80008
4.80057
4.80106
4.80155
4.80204
4.80253
4.80302
4.80351
4.80400
4.80449
4.80498
4.80547
4.80596
4.80645
4.80694
4.80743
4.80792
4.80841
4.80890
4.80939
4.80988
4.81037
4.81086
4.81135
4.81184
4.81233
4.81282
4.81331
4.81380
4.81429
4.81478
4.81527
4.81576
4.81625
4.81674
4.81723
4.81772
4.81821
4.81870
4.81919
4.81968
4.82017
4.82066
4.82115
4.82164
4.82213
4.82262
4.82311
4.82360
4.82409
4.82458
4.82507
4.82556
4.82605
4.82654
4.82703
4.82752
4.82801
4.82850
4.82899
4.82948
4.82997
4.83046
4.83095
4.83144
4.83193
4.83242
4.83291
4.83340
4.83389
4.83438
4.83487
4.83536
4.83585
4.83634
4.83683
4.83732
4.83781
4.83830
4.83879
4.83928
4.83977
4.84026
4.84075
4.84124
4.84173
4.84222
4.84271
4.84320
4.84369
4.84418
4.84467
4.84516
4.84565
4.84614
4.84663
4.84712
4.84761
4.84810
4.84859
4.84908
4.84957
4.85006
4.85055
4.85104
4.85153
4.85202
4.85251
4.85300
4.85349
4.85398
4.85447
4.85496
4.85545
4.85594
4.85643
4.85692
4.85741
4.85790
4.85839
4.85888
4.85937
4.85986
4.86035
4.86084
4.86133
4.86182
4.86231
4.86280
4.86329
4.86378
4.86427
4.86476
4.86525
4.86574
4.86623
4.86672
4.86721
4.86770
4.86819
4.86868
4.86917
4.86966
4.87015
4.87064
4.87113
4.87162
4.87211
4.87260
4.87309
4.87358
4.87407
4.87456
4.87505
4.87554
4.87603
4.87652
4.87701
4.87750
4.87799
4.87848
4.87897
4.87946
4.87995
4.88044
4.88093
4.88142
4.88191
4.88240
4.88289
4.88338
4.88387
4.88436
4.88485
4.88534
4.88583
4.88632
4.88681
4.88730
4.88779
4.88828
4.88877
4.88926
4.88975
4.89024
4.89073
4.89122
4.89171
4.89220
4.89269
4.89318
4.89367
4.89416
4.89465
4.89514
4.89563
4.89612
4.89661
4.89710
4.89759
4.89808
4.89857
4.89906
4.89955
4.90004
4.90053
4.90102
4.90151
4.90200
4.90249
4.90298
4.90347
4.90396
4.90445
4.90494
4.90543
4.90592
4.90641
4.90690
4.90739
4.90788
4.90837
4.90886
4.90935
4.90984
4.91033
4.91082
4.91131
4.91180
4.91229
4.91278
4.91327
4.91376
4.91425
4.91474
4.91523
4.91572
4.91621
4.91670
4.91719
4.91768
4.91817
4.91866
4.91915
4.91964
4.92013
4.92062
4.92111
4.92160
4.92209
4.92258
4.92307
4.92356
4.92405
4.92454
4.92503
4.92552
4.92601
4.92650
4.92699
4.92748
4.92797
4.92846
4.92895
4.92944
4.92993
4.93042
4.93091
4.93140
4.93189
4.93238
4.93287
4.93336
4.93385
4.93434
4.93483
4.93532
4.93581
4.93630
4.93679
4.93728
4.93777
4.93826
4.93875
4.93924
4.93973
4.94022
4.94071
4.94120
4.94169
4.94218
4.94267
4.94316
4.94365
4.94414
4.94463
4.94512
4.94561
4.94610
4.94659
4.94708
4.94757
4.94806
4.94855
4.94904
4.94953
4.95002
4.95051
4.95100
4.95149
4.95198
4.95247
4.95296
4.95345
4.95394
4.95443
4.95492
4.95541
4.95590
4.95639
4.95688
4.95737
4.95786
4.95835
4.95884
4.95933
4.95982
4.96031
4.96080
4.96129
4.96178
4.96227
4.96276
4.96325
4.96374
4.96423
4.96472
4.96521
4.96570
4.96619
4.96668
4.96717
4.96766
4.96815
4.96864
4.96913
4.96962
4.97011
4.97060
4.97109
4.97158
4.97207
4.97256
4.97305
4.97354
4.97403
4.97452
4.97501
4.97550
4.97599
4.97648
4.97697
4.97746
4.97795
4.97844
4.97893
4.97942
4.97991
4.98040
4.98089
4.98138
4.98187
4.98236
4.98285
4.98334
4.98383
4.98432
4.98481
4.98530
4.98579
4.98628
4.98677
4.98726
4.98775
4.98824
4.98873
4.98922
4.98971
4.99020
4.99069
4.99118
4.99167
4.99216
4.99265
4.99314
4.99363
4.99412
4.99461
4.99510
4.99559
4.99608
4.99657
4.99706
4.99755
4.99804
4.99853
4.99902
4.99951
